"TOA5","LTUX","CR1000","75756","CR1000.Std.31","CPU:LTUX.cr1","4590","hora"
"TIMESTAMP","RECORD","Temp_Avg","Temp_Max","Temp_Min","RH_Avg","RH_Max","RH_Min","WSpeed_Avg","WDir_Avg","WDir_SD","WSpeed_Max","WSpeed_Min","Rain_Tot","Press_Avg","Rad_Avg","Rad_Max","Rad_Min","Visibility_Avg"
"TS","RN","°C","°C","°C","%","%","%","m/s","Deg","Deg","m/s","m/s","mm","hPa","W/m^2","W/m^2","W/m^2","m"
"","","Avg","Max","Min","Avg","Max","Min","WVc","WVc","WVc","Max","Min","Tot","Avg","Avg","Max","Min","Avg"
"1972-07-12 16:43:37.605507488",0,21.24,21.64,20.69,87.3,91.9,82.4,0.822,87.6,80.1,2.42,0.05,0,1000.671,62.84,133.5,-30.78,0
"1972-07-12 17:43:37.605507488",1,20.59,20.83,20.17,93.6,94.9,91.3,0.492,102.4,90.3,1.37,0.01,0,1000.661,231.3,343.2,102.8,0
"1972-07-12 18:43:37.605507488",2,20.01,20.32,19.7,95.6,96.5,94.2,0.505,134.2,49.72,2.16,0,0,1000.945,465.9,681.7,330.5,0
"1972-07-12 19:43:37.605507488",3,19.56,19.94,19.09,97,97.5,96.4,0.73,229,30.22,1.61,0.03,0,1001.361,837,991,679.8,0
"1972-07-12 20:43:37.605507488",4,19.15,19.28,18.99,96.9,97.2,96.6,0.866,230.1,15.96,1.49,0.27,0,1001.891,1109,1223,985,0
"1972-07-12 21:43:37.605507488",5,19.23,19.37,18.99,96.6,97.3,96.1,0.708,193.5,35.55,1.77,0.01,0,1002.406,1291,1373,1204,0
"1972-07-12 22:43:37.605507488",6,19.3,19.47,19.04,96.7,97.1,96.4,0.8,219.3,26.51,2.14,0.13,0,1002.701,1413,1482,1317,0
"1972-07-12 23:43:37.605507488",7,0,-4171,4.14,-13.32,0,0,61.47,0,19,19.28,18.71,97.2,2.267498E-017,0.765,210.9,24.57,7.035674E+022
"1972-07-13 00:43:37.605507488",8,0,11.46,-76.2,1549,1693,1425,0,0,19.05,19.28,18.8,97.5,2.27834E-017,0.703,181.8,30.35,6.006325E+023
"1972-07-13 01:43:37.605507488",9,0,11.46,-2485,1726,1803,1677,0,0,19.26,19.47,18.99,97.2,2.245814E-017,0.713,178.4,36.86,4.825693E+023
"1972-07-13 02:43:37.605507488",10,0,11.46,3.056,1789,1808,1770,0,0,19.37,19.75,19.18,97.6,2.310866E-017,0.841,172.3,47.25,2.665308E+025
"1972-07-13 03:43:37.605507488",11,0,11.46,59.62,"NAN","NAN","NAN",0,0,19.85,20.13,19.61,96.2,2.191601E-017,0.803,180.5,48.55,7.267757E+024
"1972-07-13 04:43:37.605507488",12,0,11.46,37.1,"NAN","NAN","NAN",0,0,19.79,20.04,19.61,97.1,2.289181E-017,0.645,198.8,37.38,5.061823E+023
"1972-07-13 05:43:37.605507488",13,0,11.45,-8.071,"NAN","NAN","NAN",0,0,19.72,19.85,19.56,98.1,2.365077E-017,0.709,231.7,16.4,3.645134E+023
"1972-07-13 06:43:37.605507488",14,0,11.46,3637,"NAN","NAN","NAN",0,0,19.72,19.94,19.51,98.5,2.397605E-017,0.702,218,25.49,4.117385E+023
"1972-07-13 07:43:37.605507488",15,0,11.46,5783,"NAN","NAN","NAN",0,0,19.77,19.94,19.56,98.7,2.408447E-017,0.713,233.9,11.94,2.012587E+022
"1972-07-13 08:43:37.605507488",16,0,11.46,198.8,"NAN","NAN","NAN",0,0,19.7,19.85,19.56,98.9,2.430131E-017,0.609,213.6,25.42,1.6556E+022
"1972-07-13 09:43:37.605507488",17,0,11.46,480.3,"NAN","NAN","NAN",0,0,20.11,20.7,19.7,98,2.408444E-017,0.3,237.4,50.35,6.359515E+021
"1972-07-13 10:43:37.605507488",18,0,11.46,71.89,"NAN","NAN","NAN",0,0,21.34,22.03,20.51,92.5,2.169895E-017,0.477,95.3,45.88,8.801318E+023
"1972-07-13 11:43:37.605507488",19,0,11.46,3.682,1625,1893,1366,0,0,21.81,22.68,21.35,88.7,1.616954E-017,0.878,161.1,59.88,3.118683E+025
"1972-07-13 12:43:37.605507488",20,0,11.46,38.87,1221,1707,1084,0,0,24.24,25.2,22.59,76.83,1.167462E-017,1.207,73.58,55.75,1.725146E+027
"1972-07-13 13:43:37.605507488",21,0,11.46,2331,947,1350,512.1,0,0,24.99,25.42,24.57,75.36,9.07242E-018,1.335,26.46,39.62,2.521875E+027
"1972-07-13 14:43:37.605507488",22,0,11.45,-736.9,-8.29,510.3,-600.9,0,0,24.22,24.95,23.67,78.09,1.037368E-017,1.239,3.66,53.38,3.10211E+027
"1972-07-13 15:43:37.605507488",23,0,11.45,0.873,-919,-606.3,-1389,0,0,23.84,24.39,23.11,81.7,1.24341E-017,1.061,57.15,48.79,6.594727E+026
"1972-07-13 16:43:37.605507488",24,0,11.45,5205,-723.5,-471.2,-923,0,0,22.61,23.44,22.06,88.2,1.497693E-017,0.758,37.15,81.6,1.211198E+026
"1989-04-09 13:25:16.494937952",25,0,11.47,-36.8,"NAN","NAN","NAN",0,0,20.18,21.16,18.75,92.2,2.39758E-017,0.789,351,70.98,3.05103E+026
"2018-01-24 15:00:00",944,17.95,18.2,17.63,95.1,95.7,94.4,3.431,303.5,49.96,11.41,0.23,0.3,1004.622,"NAN","NAN","NAN",0
"2018-01-25 08:00:00",945,17.26,17.44,17.1,98.1,98.6,97.6,3.096,300.3,52.65,10.36,0.13,13.7,1006.884,"NAN","NAN","NAN",0
"2018-01-25 09:00:00",946,17.38,17.49,17.1,98.4,98.8,97.9,3.186,300.1,42.27,9.38,0.15,10.6,1007.422,"NAN","NAN","NAN",0
"2018-01-25 10:00:00",947,17.44,17.49,17.25,98.2,98.7,97.8,3.782,293.8,38.13,13.31,0.22,18.7,1007.912,"NAN","NAN","NAN",0
"2018-01-25 11:00:00",948,17.37,17.58,17.25,98.7,99,98.5,3.516,292.4,38.01,11.9,0.18,21.8,1008.283,"NAN","NAN","NAN",0
"2018-01-25 12:00:00",949,17.44,17.58,17.29,98.9,99.1,98.7,3.607,294.9,36.24,9.32,0.19,23.9,1008.124,"NAN","NAN","NAN",0
"2018-01-25 13:00:00",950,17.38,17.48,17.2,98.9,99.2,98.6,3.54,296.5,37.06,12.7,0.19,12.8,1007.522,"NAN","NAN","NAN",0
"2018-01-25 14:00:00",951,17.34,17.58,17.1,98.8,99,98.4,2.966,298.2,47.94,11.28,0.01,14.3,1006.496,"NAN","NAN","NAN",0
"2018-01-25 15:00:00",952,17.36,17.57,17.2,98.6,98.9,98.4,2.79,300.3,46.94,8.81,0.22,8.3,1005.928,"NAN","NAN","NAN",0
"2018-01-25 16:00:00",953,17.64,17.86,17.34,98.7,99.1,98.5,2.647,297.3,43.39,8.21,0.15,8.6,1005.8,"NAN","NAN","NAN",0
"2018-01-25 17:00:00",954,17.84,17.95,17.66,99.1,99.4,98.9,3.328,295.9,37.16,9.28,0.39,5.1,1005.705,"NAN","NAN","NAN",0
"2018-01-25 18:00:00",955,17.83,18,17.66,99,99.3,98.7,3.261,295.2,33.99,9.93,0.1,9.5,1005.804,"NAN","NAN","NAN",0
"2018-01-26 15:00:00",956,19.98,20.42,19.47,98.3,99.4,96.8,2.068,294.7,39.58,5.45,0.08,0,1002.655,"NAN","NAN","NAN",0
"2018-01-26 16:00:00",957,20.11,20.42,19.8,96.6,97.4,95.9,1.915,296.3,40.15,4.96,0.14,0,1002.21,"NAN","NAN","NAN",0
"2018-01-26 17:00:00",958,20.03,20.13,19.8,96.9,97.6,96.1,1.675,304.7,46.96,5.13,0.1,0,1002.116,"NAN","NAN","NAN",0
"2018-01-26 18:00:00",959,19.94,20.13,19.7,97.1,97.5,96,1.921,286,25.68,4.47,0.25,0,1002.325,"NAN","NAN","NAN",0
"2018-01-27 10:00:00",960,21.25,21.75,20.88,99.4,100.1,98.6,0.651,23.43,60.6,2.07,0.02,0,1002.96,"NAN","NAN","NAN",0
"2018-01-27 18:00:00",961,20.64,20.8,20.47,98.7,99.2,98.2,0.861,274.1,40.15,2.49,0.11,0,999.5063,"NAN","NAN","NAN",0
"2018-01-27 20:00:00",962,19.76,20.04,19.51,99.3,99.6,99,1.097,267.8,16.87,2.34,0.19,0,1000.554,"NAN","NAN","NAN",0
"2018-01-27 21:00:00",963,19.74,19.89,19.56,99.5,99.7,99.3,0.835,261.9,42.24,2.76,0.03,0,1001.31,"NAN","NAN","NAN",0
"2018-01-27 22:00:00",964,19.88,20.04,19.66,99.7,100,99.4,0.971,252.1,34.92,2.33,0.06,0,1001.881,"NAN","NAN","NAN",0
"2018-01-28 08:00:00",965,21.01,21.27,20.85,99.9,100.1,99.7,1.022,299.9,40.91,2.11,0.17,0,1002.05,"NAN","NAN","NAN",0
"2018-01-28 09:00:00",966,21.34,21.56,21.08,99.8,100.1,99.1,1.404,301.8,44.45,4.5,0.08,0,1002.564,"NAN","NAN","NAN",0
"2018-01-28 10:00:00",967,22.04,22.78,21.18,96.1,99.5,90.8,1.413,327.6,45.71,4.96,0.05,0,1003.202,"NAN","NAN","NAN",0
"2018-01-28 11:00:00",968,22.37,22.78,21.92,93.3,94.9,91.6,1.739,311.1,43.54,4.54,0.05,0,1003.448,"NAN","NAN","NAN",0
"2018-01-28 12:00:00",969,22.21,22.59,21.87,95.6,96.8,93.9,1.597,331.3,53.33,5.62,0.02,0,1002.977,"NAN","NAN","NAN",0
"2018-01-28 13:00:00",970,21.75,23.02,20.89,95.7,98.1,92.1,1.818,301.8,46.42,6.18,0.05,5.6,1002.313,"NAN","NAN","NAN",0
"2018-01-28 14:00:00",971,21.24,21.46,20.98,98,98.5,97.4,2.215,296.3,42.13,8.6,0.09,3.5,1001.33,"NAN","NAN","NAN",0
"2018-01-28 15:00:00",972,21.22,21.46,21.04,98.4,98.9,98.1,2.361,303.6,44.65,8.57,0.04,3.9,1000.543,"NAN","NAN","NAN",0
"2018-01-28 16:00:00",973,21.2,21.37,20.99,99,99.3,98.6,1.916,319.6,57.84,6.52,0.08,0.1,1000.303,"NAN","NAN","NAN",0
"2018-01-28 17:00:00",974,21.13,21.27,20.94,98.7,99.3,98.1,2.022,302.5,47.22,5.81,0.08,0,1000.569,"NAN","NAN","NAN",0
"2018-01-28 18:00:00",975,21.11,21.27,20.94,98.1,98.7,97.5,2.284,296.4,42.07,6.89,0.17,0,1001.117,"NAN","NAN","NAN",0
"2018-01-28 19:00:00",976,21.02,21.18,20.85,97.2,97.6,96.6,2.348,286.9,29.01,6.23,0.06,0,1001.6,"NAN","NAN","NAN",0
"2018-01-28 20:00:00",977,21.13,21.27,20.94,97,97.6,96.2,2.261,296.2,37.7,5.38,0.09,0,1002.328,"NAN","NAN","NAN",0
"2018-01-28 21:00:00",978,21.17,21.46,20.94,95.4,96.4,94,2.545,292.1,35.45,6.2,0.11,0,1003.431,"NAN","NAN","NAN",0
"2018-01-28 22:00:00",979,21.22,21.37,20.99,95.9,96.8,94.2,2.418,297.8,41.82,7.8,0.08,0.1,1004.074,"NAN","NAN","NAN",0
"2018-01-28 23:00:00",980,21.14,21.27,20.89,97.3,98.1,96.6,2.384,315.7,50.72,7.13,0.23,0.1,1004.205,1589,1796,1458,0
"2018-01-29 13:00:00",981,19.55,19.85,19.32,92.4,94.1,91.1,2.426,304.9,45.06,6.54,0.39,0.2,1007.989,569.9,958,416.3,0
"2018-01-29 15:00:00",982,19.1,19.56,18.66,93.8,96.5,91.1,2.469,308.1,52.61,7.24,0.12,0.5,1007.035,1431,1772,1180,0
"2018-01-29 16:00:00",983,19.3,19.94,18.66,92.5,95.8,88.7,3.121,306.6,43.84,8.68,0.33,0.2,1006.76,"NAN","NAN","NAN",0
"2018-01-29 17:00:00",984,18.86,19.18,18.56,96,96.9,94,3.008,301.9,48.08,12.06,0.07,0,1007.092,1660,1756,1618,0
"2018-01-30 08:00:00",985,18.95,19.09,18.81,68.12,68.44,67.66,2.517,338,63.94,5.84,0.68,0,1010.653,"NAN","NAN","NAN",0
"2018-01-30 09:00:00",986,19.24,19.47,18.9,68.29,70.61,65.92,2.488,319.9,54.05,8.17,0.14,0,1011.13,"NAN","NAN","NAN",0
"2018-01-30 10:00:00",987,20.15,20.8,19.28,67.33,69.41,64.56,2.918,320.1,52.08,6.88,0.04,0,1011.742,"NAN","NAN","NAN",0
"2018-01-30 11:00:00",988,20.43,21.26,19.83,68.88,72.12,65.37,2.392,329.7,56.71,7.26,0.1,0,1011.851,"NAN","NAN","NAN",0
"2018-01-30 12:00:00",989,19.8,20.31,19.36,70.34,72.74,67.13,2.517,322.9,59.94,8.98,0.19,0,1011.32,"NAN","NAN","NAN",0
"2018-01-30 13:00:00",990,19.68,20.42,19.04,75,81.3,65.78,2.593,320.1,57.45,8.62,0.22,0,1010.454,"NAN","NAN","NAN",0
"2018-01-30 14:00:00",991,18.9,19.56,18.33,78.51,81.7,76.31,2.896,304,53,8.88,0.25,0,1009.209,1210,1876,-997,0
"2018-01-30 15:00:00",992,18.67,19.09,18.18,77.81,81.3,74.24,2.933,303.8,46.73,8.74,0.04,0,1008.583,"NAN","NAN","NAN",0
"2018-01-30 16:00:00",993,18.67,18.99,18.42,77.19,80,75.19,2.669,296.5,49.22,7.45,0.15,0,1008.327,"NAN","NAN","NAN",0
"2018-01-30 17:00:00",994,18.63,18.8,18.37,78.9,81.3,76.99,2.802,300.3,41.48,8.28,0.1,0,1008.339,"NAN","NAN","NAN",0
"2018-01-30 18:00:00",995,18.54,18.71,18.33,78.98,80.8,77.53,2.483,306,42.33,7.74,0.42,0,1008.522,"NAN","NAN","NAN",0
"2018-01-30 19:00:00",996,18.37,18.56,18.14,79.11,81,77.87,2.183,299.4,48.65,6.75,0.19,0,1008.667,"NAN","NAN","NAN",0
"2018-01-30 20:00:00",997,18.36,18.57,18.14,80.2,81.6,78.83,2.14,300.7,43.02,6.55,0.06,0,1009.171,"NAN","NAN","NAN",0
"2018-01-30 21:00:00",998,18.48,18.71,18.23,79.62,81.6,78.18,2.3,299.2,37.58,6.04,0.21,0,1009.573,"NAN","NAN","NAN",0
"2018-02-10 12:00:00",1239,23.92,25.24,22.87,82.7,87.5,76.26,0.841,28.73,66.67,2.78,0.02,0,1000.13,"NAN","NAN","NAN",0
"2018-02-10 13:00:00",1240,25.03,25.52,24.57,76.86,82.2,73.4,1.191,79.81,39.55,3.49,0.09,0,998.8141,1266,1806,579.8,0
"2018-02-10 14:00:00",1241,24.81,25.33,24.19,78.26,82.5,74.49,1.432,70.97,40.82,3.87,0.12,0,997.4531,364.8,784.4,-240.9,0
"2018-02-10 15:00:00",1242,23.91,24.82,23.16,84.7,88.9,78.57,0.895,53.1,57.04,2.94,0.04,0,996.3818,-198,134.4,-412.5,0
"2018-02-10 16:00:00",1243,23.53,23.92,23.16,87.3,89.4,84.2,0.807,66.25,50.65,2.51,0.06,0,995.8622,35.66,124.5,-91.2,0
"2018-02-10 17:00:00",1244,23.2,23.68,22.73,88.7,90.7,85.5,0.765,101,35.58,1.88,0.11,0,995.7408,313.7,1298,111.3,0
"2018-02-10 18:00:00",1245,22.64,23.25,22.02,92.5,94.9,89.9,0.545,108.5,38.36,1.37,0.05,0,995.6058,818,1848,433.7,0
"2018-02-10 19:00:00",1246,22.05,22.22,21.79,95.5,96.2,94.7,0.39,134.2,37.39,1.18,0.01,0,995.8853,"NAN","NAN","NAN",0
"2018-02-10 20:00:00",1247,21.77,22.03,21.56,96.8,97.3,96,0.428,181.2,41.93,1.13,0.09,0,996.4675,1595,1735,1452,0
"2018-02-10 21:00:00",1248,21.47,21.8,20.99,97.4,97.9,97,0.425,217.5,38.27,1.14,0.03,0,997.2228,"NAN","NAN","NAN",0
"2018-02-10 22:00:00",1249,21.02,21.23,20.75,98.1,98.5,97.7,0.612,228.9,18.67,1.09,0.19,0,997.6203,"NAN","NAN","NAN",0
"2018-02-10 23:00:00",1250,20.76,20.99,20.51,98.5,98.9,98.2,0.5,216.4,37.44,1.13,0.02,0,997.61,"NAN","NAN","NAN",0
"2018-02-11 00:00:00",1251,20.76,20.99,20.56,98.9,99.2,98.6,0.622,193.3,40.37,2.15,0.02,0,997.2702,"NAN","NAN","NAN",0
"2018-02-11 01:00:00",1252,20.64,20.89,20.42,99,99.2,98.8,0.551,194.7,45.25,1.57,0.01,0,996.8669,"NAN","NAN","NAN",0
"2018-02-11 02:00:00",1253,20.6,20.7,20.37,99.1,99.3,98.8,0.84,202.4,38.44,2,0.05,0,996.2218,"NAN","NAN","NAN",0
"2018-02-11 03:00:00",1254,20.37,20.61,20.13,99.1,99.3,98.9,0.988,226.4,16.01,1.48,0.2,0,995.6803,"NAN","NAN","NAN",0
"2018-02-11 04:00:00",1255,20.27,20.56,19.94,98.9,99.3,98.6,0.803,213.3,40.77,1.98,0,0,995.3484,"NAN","NAN","NAN",0
"2018-02-11 05:00:00",1256,20.25,20.47,19.99,98.2,98.8,97.7,1.146,173.4,27.42,2.59,0.17,0,995.3771,"NAN","NAN","NAN",0
"2018-02-11 06:00:00",1257,19.84,20.13,19.56,98,98.3,97.6,0.863,231.3,18.68,1.34,0.25,0,995.5575,"NAN","NAN","NAN",0
"2018-02-11 07:00:00",1258,19.74,19.85,19.56,98.3,98.6,98,0.898,243.9,13.01,1.57,0.29,0,996.2846,"NAN","NAN","NAN",0
"2018-02-11 08:00:00",1259,20.04,20.7,19.66,98.5,98.8,98.3,0.566,211,40.14,2.64,0.1,0,996.7864,"NAN","NAN","NAN",0
"2018-02-11 09:00:00",1260,22.01,23.56,20.56,92.9,98.6,84.9,1.222,115.5,28.15,2.8,0.11,0,997.2985,"NAN","NAN","NAN",0
"2018-02-11 10:00:00",1261,24.62,25.82,23.37,81.6,85.7,76.81,0.79,64.39,59.25,2.62,0.11,0,997.5341,"NAN","NAN","NAN",0
"2018-02-11 11:00:00",1262,24.91,25.67,24.34,82.4,85,79.39,1.166,354.7,49.1,4.12,0.05,0,997.771,"NAN","NAN","NAN",0
"2018-02-11 12:00:00",1263,25.01,25.81,24.29,84.7,87.5,81.5,1.603,350.6,46.98,4.71,0.03,0,997.3456,1150,1627,555.8,0
"2018-02-11 13:00:00",1264,25.29,26.14,24.67,84.5,87.3,81.6,1.442,356,44.76,3.95,0.16,0,996.3814,189.9,668.2,-210.6,0
"2018-02-11 14:00:00",1265,24.96,25.3,24.58,86.5,88.4,84.9,0.915,36.81,54.33,2.12,0.05,0,995.5616,-51.83,222.4,-230.5,0
"2018-02-11 15:00:00",1266,25.08,25.44,24.73,86.5,88.6,84,1.08,34.93,52.55,2.49,0.05,0,994.8757,124.7,448.2,-24.99,0
"2018-02-11 16:00:00",1267,24.16,25.06,23.54,89.8,91.6,86,1.046,17.47,34.21,2.77,0.04,0,994.928,177.8,424.9,24.07,0
"2018-02-11 17:00:00",1268,23.76,24.11,23.49,91.4,92.5,90.3,0.609,24.55,59.31,1.58,0.06,0,995.2393,585.1,822,379.5,0
"2018-02-11 18:00:00",1269,22.71,23.73,22.3,94.9,96.2,91.4,1.058,109.3,30.61,2.83,0.08,0,995.727,1172,1438,823,0
"2018-02-11 19:00:00",1270,22.33,22.49,22.03,96.8,97.6,96,0.666,84.2,53.33,1.71,0.01,0,996.1708,1609,1742,1437,0
"2018-02-11 20:00:00",1271,22.28,22.41,22.08,97.5,97.9,97,0.403,323.1,51.83,1.56,0.01,0,996.9993,"NAN","NAN","NAN",0
"2018-02-11 21:00:00",1272,22.18,22.37,21.99,97.7,98,97.4,0.479,292.2,34.82,1.15,0.05,0,998.3962,"NAN","NAN","NAN",0
"2018-02-11 22:00:00",1273,22.23,22.41,22.03,97.7,98.2,97.2,0.341,212.8,69.47,1.19,0.01,0,999.344,"NAN","NAN","NAN",0
"2018-02-11 23:00:00",1274,22.07,22.32,21.65,98.1,98.3,97.8,0.532,148.6,54.82,2.49,0.05,0,999.6191,"NAN","NAN","NAN",0
"2018-02-12 00:00:00",1275,21.56,21.84,21.27,98.5,99.1,98,0.711,208.6,30.88,2.17,0.06,0,999.6973,"NAN","NAN","NAN",0
"2018-02-12 01:00:00",1276,22.11,22.22,21.7,99,99.2,98.8,0.803,193,26.2,2.27,0.09,0,999.7076,"NAN","NAN","NAN",0
"2018-02-12 02:00:00",1277,22.23,22.37,22.03,99.1,99.3,98.9,0.875,217.8,17.23,1.48,0.17,0,999.5808,"NAN","NAN","NAN",0
"2018-02-12 03:00:00",1278,22.25,22.41,22.03,99.2,99.4,99,0.714,224.9,12.87,1.5,0.12,0,999.2393,"NAN","NAN","NAN",0
"2018-02-12 04:00:00",1279,21.97,22.32,21.56,99.2,99.4,99,0.667,221.2,15.24,1.32,0.04,0,999.3365,"NAN","NAN","NAN",0
"2018-02-12 05:00:00",1280,21.53,21.8,21.23,99.2,99.4,99,0.43,237.8,38.38,1.15,0.04,0,999.8281,"NAN","NAN","NAN",0
"2018-02-12 06:00:00",1281,21.56,21.84,21.23,99.3,99.6,99,1.09,289.4,26.14,3.17,0.12,0,1001.227,"NAN","NAN","NAN",0
"2018-02-12 07:00:00",1282,21.98,22.41,21.61,97.1,99.2,94.6,1.634,295.6,33.7,4.58,0.25,0,1002.389,"NAN","NAN","NAN",0
"2018-02-12 08:00:00",1283,22.35,22.56,22.13,96.6,98,95,1.704,317.6,45.62,5.55,0.04,0.3,1003.495,"NAN","NAN","NAN",0
"2018-02-12 09:00:00",1284,22.24,22.37,22.08,98,98.4,97.4,1.77,305.4,52.94,5.51,0.07,0.1,1004.324,"NAN","NAN","NAN",0
"2018-02-12 10:00:00",1285,22.46,22.7,22.08,96.5,97.6,95.8,2.23,292.5,44.15,7.85,0.14,0.4,1005.039,"NAN","NAN","NAN",0
"2018-02-12 11:00:00",1286,21.96,22.6,21.51,98,98.8,96.3,2.518,304,44.83,9.21,0.01,1.9,1005.448,"NAN","NAN","NAN",0
"2018-02-12 12:00:00",1287,21.14,21.7,20.61,98.6,99,97.9,3.099,293.7,39.03,10.23,0.4,3,1005.477,"NAN","NAN","NAN",0
"2018-02-12 13:00:00",1288,20.57,20.8,20.37,97.9,98.1,97.5,2.923,300,39.88,8.12,0.22,0.8,1004.965,"NAN","NAN","NAN",0
"2018-02-12 14:00:00",1289,20.63,20.89,20.37,96.5,98,95.1,2.839,298.8,45.66,10.58,0.18,0.4,1004.309,"NAN","NAN","NAN",0
"2018-02-12 15:00:00",1290,21,21.56,20.61,93.5,95.7,91.2,2.599,304.2,41.58,7.77,0.22,0,1003.82,"NAN","NAN","NAN",0
"2018-02-12 16:00:00",1291,20.43,20.89,19.94,93,94.5,91.7,2.87,294.5,40.96,9.16,0.37,0,1003.717,"NAN","NAN","NAN",0
"2018-02-12 17:00:00",1292,19.81,20.13,19.47,94.9,96.2,93.4,2.927,296.4,34.4,7.84,0.23,0,1004.105,"NAN","NAN","NAN",0
"2018-02-12 18:00:00",1293,19.58,19.7,19.37,95.8,96.8,95.3,2.895,295,32.28,7.32,0.05,0.1,1004.474,"NAN","NAN","NAN",0
"2018-02-12 19:00:00",1294,19.54,19.76,19.37,97.2,97.7,96.5,3.125,297.1,26.58,7.36,0.26,0.3,1004.77,"NAN","NAN","NAN",0
"2018-02-12 20:00:00",1295,19.69,19.85,19.47,97.2,97.5,96.8,2.757,293.7,33.14,7.25,0.3,0.2,1005.205,"NAN","NAN","NAN",0
"2018-02-12 21:00:00",1296,19.86,19.95,19.66,97.3,98,96.7,2.794,298.9,28.06,6.6,0.42,0.3,1005.956,"NAN","NAN","NAN",0
"2018-02-12 22:00:00",1297,19.92,20.04,19.75,97.6,98,97.3,2.707,295.9,32.92,6.37,0.17,0.4,1006.272,"NAN","NAN","NAN",0
"2018-02-12 23:00:00",1298,19.93,20.04,19.75,98,98.3,97.6,2.22,299.8,45.61,6.7,0.06,0.4,1006.556,"NAN","NAN","NAN",0
"2018-02-13 00:00:00",1299,19.88,20.04,19.75,97.8,98.3,97.4,2.159,296.9,45.08,6.63,0.23,0.1,1006.563,"NAN","NAN","NAN",0
"2018-02-13 01:00:00",1300,19.82,19.95,19.66,97.3,97.9,96.9,2.28,300.1,45.41,6.84,0.04,0.2,1006.374,"NAN","NAN","NAN",0
"2018-02-13 02:00:00",1301,19.62,19.85,19.37,97.5,98.1,96.9,2.441,296.9,37.1,5.56,0.19,0.7,1006.017,"NAN","NAN","NAN",0
"2018-02-13 03:00:00",1302,19.41,19.56,19.23,98,98.4,97.7,2.326,288.7,40.97,6.14,0.05,1.3,1006.039,"NAN","NAN","NAN",0
"2018-02-13 04:00:00",1303,19.39,19.57,19.23,98.1,98.4,97.8,2.46,289.6,38.22,5.71,0.19,0.7,1006.07,"NAN","NAN","NAN",0
"2018-02-13 05:00:00",1304,19.42,19.57,19.23,97.9,98.2,97.7,2.631,291.7,34.24,6.69,0.33,1,1005.986,"NAN","NAN","NAN",0
"2018-02-13 06:00:00",1305,19.42,19.57,19.23,98.1,98.5,97.8,2.53,292.6,37.45,6.61,0.45,4.1,1006.288,"NAN","NAN","NAN",0
"2018-02-13 07:00:00",1306,19.55,19.66,19.33,97.8,98.5,97,2.855,298.1,39.65,7.18,0.07,1,1006.826,"NAN","NAN","NAN",0
"2018-02-13 08:00:00",1307,19.73,20.04,19.47,96.5,97.3,95.9,3.249,290,26.13,8.84,0.38,0.2,1007.484,"NAN","NAN","NAN",0
"2018-02-13 09:00:00",1308,19.9,20.13,19.71,96.2,96.8,95.7,2.382,288.1,32.46,6.5,0.1,0.1,1008.373,"NAN","NAN","NAN",0
"2018-02-13 10:00:00",1309,20.22,20.75,19.9,96.2,96.7,95.4,2.381,292.3,28.28,7.07,0.35,0,1009.013,"NAN","NAN","NAN",0
"2018-02-13 11:00:00",1310,21,21.84,20.37,93.6,96,88.8,2.749,292,30,6.65,0.2,0,1009.25,"NAN","NAN","NAN",0
"2018-02-13 12:00:00",1311,21.51,22.21,20.83,91.1,93,88.4,2.849,294.9,33.2,7.4,0.26,0,1008.863,"NAN","NAN","NAN",0
"2018-02-13 13:00:00",1312,21.05,21.31,20.78,92.4,93.5,91.5,2.863,293.9,28.44,7.66,0.08,0,1008.152,"NAN","NAN","NAN",0
"2018-02-13 14:00:00",1313,21.54,22.02,21.07,89.7,91.6,87.7,2.616,295.4,30.83,5.74,0.2,0,1007.471,"NAN","NAN","NAN",0
"2018-02-13 17:00:00",1314,20.66,20.89,20.42,95.3,96.8,93.9,2.54,296,30.16,5.92,0.1,0,1006.439,"NAN","NAN","NAN",0
"2018-02-13 18:00:00",1315,20.44,20.61,20.18,97.4,97.9,96.7,2.318,296.1,38.49,7.07,0.08,0.1,1006.572,"NAN","NAN","NAN",0
"2018-02-13 19:00:00",1316,20.35,20.51,20.18,97.9,98.2,97.6,2.289,293.5,27.63,4.91,0.38,0,1006.723,"NAN","NAN","NAN",0
"2018-02-13 20:00:00",1317,20.37,20.51,20.18,98.2,98.5,97.9,1.926,294.2,34.44,4.99,0.05,0.1,1007.473,"NAN","NAN","NAN",0
"2018-02-13 21:00:00",1318,20.49,20.7,20.28,98.6,98.9,98.3,2.193,290.7,31.47,5.12,0.2,0.5,1007.958,"NAN","NAN","NAN",0
"2018-02-13 22:00:00",1319,20.66,20.85,20.47,98.8,99,98.5,2.116,282.8,26.18,5.13,0.3,0.1,1008.601,"NAN","NAN","NAN",0
"2018-02-13 23:00:00",1320,20.83,20.99,20.61,99,99.2,98.7,2.479,287.4,26.93,5.63,0.11,0.1,1008.658,"NAN","NAN","NAN",0
"2018-02-14 00:00:00",1321,20.91,20.99,20.75,99.1,99.3,98.9,2.55,292,37.69,6.06,0.1,0,1008.401,"NAN","NAN","NAN",0
"2018-02-14 01:00:00",1322,20.94,21.08,20.8,99,99.2,98.8,1.805,298.8,44.24,5.46,0.15,0.3,1008.418,"NAN","NAN","NAN",0
"2018-02-14 02:00:00",1323,20.97,21.08,20.85,99.1,99.2,98.8,1.819,294.4,35.83,6.2,0.17,0,1007.859,"NAN","NAN","NAN",0
"2018-02-14 03:00:00",1324,20.91,21.08,20.75,99.1,99.3,98.8,2.638,287.1,29.9,7.34,0.31,2.2,1007.199,"NAN","NAN","NAN",0
"2018-02-14 04:00:00",1325,20.92,20.99,20.8,99.1,99.3,98.9,2.079,296.4,42,5.87,0.13,6.4,1006.679,"NAN","NAN","NAN",0
"2018-02-14 05:00:00",1326,20.92,21.04,20.75,99.1,99.3,98.9,2.537,282.7,29.07,8.23,0.4,2.5,1006.515,"NAN","NAN","NAN",0
"2018-02-14 06:00:00",1327,21,21.27,20.85,99,99.2,98.8,2.477,286.9,32.28,7.26,0.18,4.9,1006.321,"NAN","NAN","NAN",0
"2018-02-14 08:00:00",1328,20.06,20.13,19.94,97.8,98,97.5,0.784,204.7,69.95,1.39,0.09,0,1007.191,"NAN","NAN","NAN",0
"2018-02-14 09:00:00",1329,20.21,20.32,20.08,99.1,99.3,98.9,0.903,241.9,17.2,1.77,0.21,0,1007.921,"NAN","NAN","NAN",0
"2018-02-14 10:00:00",1330,20.96,22.22,20.13,98.9,99.4,97.1,0.636,291.7,94.2,2.08,0.01,0,1008.292,"NAN","NAN","NAN",0
"2018-02-14 11:00:00",1331,23.22,24.2,22.03,90.6,97.4,81.1,0.768,47,39.12,2.34,0.05,0,1008.612,"NAN","NAN","NAN",0
"2018-02-14 12:00:00",1332,24.16,24.68,23.63,86.6,90.8,79.83,0.696,58.39,63.65,2.8,0.02,0,1008.249,"NAN","NAN","NAN",0
"2018-02-14 13:00:00",1333,24.68,25.15,24.11,82.9,89.7,75.65,1.199,35.05,69.96,3.57,0.02,0,1007.501,"NAN","NAN","NAN",0
"2018-02-14 15:00:00",1334,24.06,24.3,23.69,86.1,87.5,85,1.747,308.4,23.19,3.64,0.43,0,1005.64,"NAN","NAN","NAN",0
"2018-02-14 16:00:00",1335,23.18,24.02,22.64,88.7,90.4,86.3,1.746,300.7,43.4,4.31,0.23,0,1005.342,"NAN","NAN","NAN",0
"2018-02-14 17:00:00",1336,22.39,22.87,22.11,92.2,93.7,90,1.627,292.5,29.5,4.33,0.16,0,1004.985,"NAN","NAN","NAN",0
"2018-02-14 18:00:00",1337,21.93,22.4,21.37,92.3,93.3,90.9,1.246,290.1,43.15,3.94,0.04,0,1005.148,"NAN","NAN","NAN",0
"2018-02-14 19:00:00",1338,21.31,21.61,20.99,94.7,95.6,93.1,1.023,279.7,36.22,3.37,0.08,0,1005.527,"NAN","NAN","NAN",0
"2018-02-14 20:00:00",1339,20.97,21.27,20.75,96,96.6,95.1,1.372,284.5,36.67,4.05,0.07,0,1005.689,"NAN","NAN","NAN",0
"2018-02-14 21:00:00",1340,20.65,20.99,20.32,96.9,97.7,96.1,1.147,283.7,25.24,3.18,0.08,0,1006.368,"NAN","NAN","NAN",0
"2018-02-14 22:00:00",1341,20.21,20.51,19.94,97.9,98.4,97.4,0.729,302,62.11,3.4,0.02,0,1006.98,"NAN","NAN","NAN",0
"2018-02-14 23:00:00",1342,20.01,20.23,19.75,98.5,98.9,98.1,1.441,253.5,14.44,2.82,0.26,0,1007.318,"NAN","NAN","NAN",0
"2018-02-15 00:00:00",1343,20.03,20.23,19.8,98.7,98.9,98.4,1.08,255.7,21.64,2.82,0.14,0,1007.025,"NAN","NAN","NAN",0
"2018-02-15 01:00:00",1344,20.26,20.47,20.04,98.6,98.8,98.4,1.038,241.4,12.52,2.28,0.22,0,1006.749,"NAN","NAN","NAN",0
"2018-02-15 02:00:00",1345,20.24,20.42,19.99,98.5,98.8,98.1,0.958,256.1,24.61,2.4,0.03,0,1005.956,"NAN","NAN","NAN",0
"2018-02-15 03:00:00",1346,20.04,20.23,19.85,98.5,98.9,98.1,0.864,244.6,14.63,2.22,0.12,0,1005.677,"NAN","NAN","NAN",0
"2018-02-15 04:00:00",1347,20.23,20.42,19.94,98.9,99.1,98.6,0.801,249.9,15.47,2.07,0.26,0,1005.486,"NAN","NAN","NAN",0
"2018-02-15 05:00:00",1348,20.34,20.51,20.13,98.8,99.1,98.6,0.991,258.2,23.01,2.25,0.1,0,1005.516,"NAN","NAN","NAN",0
"2018-02-15 06:00:00",1349,20.48,20.61,20.28,98.9,99.1,98.6,1.048,266.5,18.76,2.34,0.22,0.1,1005.474,"NAN","NAN","NAN",0
"2018-02-15 07:00:00",1350,20.49,20.7,20.23,99,99.2,98.8,1.142,245.7,16.66,2.42,0.28,0,1005.612,"NAN","NAN","NAN",0
"2018-02-15 08:00:00",1351,20.35,20.51,20.13,99,99.2,98.7,0.96,239.5,12.94,2.01,0.26,0,1005.87,"NAN","NAN","NAN",0
"2018-02-15 09:00:00",1352,20.27,20.56,19.94,98.4,99.1,97.4,1.034,191.6,56.75,2.71,0.09,0,1006.469,"NAN","NAN","NAN",0
"2018-02-15 10:00:00",1353,19.91,20.51,19.23,97.5,98.1,96.2,1.544,265.9,43.72,5.13,0.06,3.7,1007.4,"NAN","NAN","NAN",0
"2018-02-15 11:00:00",1354,19.96,21.04,19.32,97.4,98.2,95.8,1.083,331.2,95.8,3.68,0.05,0,1007.37,"NAN","NAN","NAN",0
"2018-02-15 12:00:00",1355,22.04,22.59,20.94,92.7,96.7,86.4,0.729,58.08,54.92,1.91,0.02,0,1006.853,"NAN","NAN","NAN",0
"2018-02-15 13:00:00",1356,23.7,24.72,22.45,83.2,91.2,77.04,1.1,12.28,51.95,2.77,0.06,0,1005.822,"NAN","NAN","NAN",0
"2018-02-15 14:00:00",1357,24.32,24.87,23.91,79.65,85.4,76.13,1.281,6.646,50.29,3.21,0.01,0,1004.568,"NAN","NAN","NAN",0
"2018-02-15 15:00:00",1358,23.82,24.39,23.11,80.8,84.5,77.62,1.377,16.47,50.72,3.91,0.09,0,1003.433,"NAN","NAN","NAN",0
"2018-02-15 16:00:00",1359,22.89,23.54,22.3,83.6,87,78.98,1.109,25.81,59.38,3.01,0.01,0,1002.738,"NAN","NAN","NAN",0
"2018-02-15 17:00:00",1360,21.68,22.44,21.07,90.9,95,85.1,0.399,202.7,61.91,1.36,0.01,0,1002.473,"NAN","NAN","NAN",0
"2018-02-15 18:00:00",1361,20.77,21.26,20.28,96.3,97.2,94.5,0.645,234.2,14.44,1.12,0.07,0,1002.641,"NAN","NAN","NAN",0
"2018-02-15 19:00:00",1362,19.94,20.42,19.56,97.4,97.9,96.9,0.72,209.2,32.91,1.69,0.07,0,1002.79,"NAN","NAN","NAN",0
"2018-02-15 20:00:00",1363,19.7,19.94,19.47,97.9,98.4,97.2,0.74,202.5,23.06,1.69,0.17,0,1003.283,"NAN","NAN","NAN",0
"2018-02-15 21:00:00",1364,19.74,20.04,19.47,97.4,97.8,97,0.811,202.8,28.36,1.48,0.3,0,1003.884,"NAN","NAN","NAN",0
"2018-02-15 22:00:00",1365,19.49,19.76,19.23,98,98.3,97.6,0.985,214.9,34.45,2.24,0.34,0,1004.096,"NAN","NAN","NAN",0
"2018-02-15 23:00:00",1366,19.45,19.66,19.23,98.1,98.4,97.9,0.998,232.3,12.26,1.55,0.29,0,1004.189,"NAN","NAN","NAN",0
"2018-02-16 00:00:00",1367,19.4,19.66,19.18,98.1,98.4,97.8,0.901,230.7,12.87,1.4,0.29,0,1004.287,"NAN","NAN","NAN",0
"2018-02-16 01:00:00",1368,19.69,20.04,19.37,98.2,98.6,97.8,0.988,222.1,18.37,1.89,0.39,0,1004.263,"NAN","NAN","NAN",0
"2018-02-16 02:00:00",1369,19.79,20.13,19.56,98.2,98.6,97.8,1.183,237.6,7.818,1.62,0.66,0,1003.732,"NAN","NAN","NAN",0
"2018-02-16 03:00:00",1370,20.16,20.32,19.89,98.5,98.8,98.2,0.947,230.5,7.204,1.47,0.62,0,1002.903,"NAN","NAN","NAN",0
"2018-02-16 04:00:00",1371,20.09,20.37,19.7,98.3,98.8,97.6,0.844,227.5,32.82,2.07,0.16,0,1002.679,"NAN","NAN","NAN",0
"2018-02-16 05:00:00",1372,20.25,20.51,19.89,97.4,98.1,96.9,0.873,232,29.1,1.58,0.13,0,1002.785,"NAN","NAN","NAN",0
"2018-02-16 06:00:00",1373,20.49,20.7,20.28,98.3,98.7,97.8,0.829,221.1,19.25,1.36,0.18,0,1002.904,"NAN","NAN","NAN",0
"2018-02-16 07:00:00",1374,20.69,20.94,20.42,98.5,98.8,98,0.858,190.5,34.41,2.33,0.06,0,1003.304,"NAN","NAN","NAN",0
"2018-02-16 08:00:00",1375,20.87,21.08,20.66,98.3,98.6,97.9,0.441,236.7,51.6,1.67,0.01,0,1003.558,"NAN","NAN","NAN",0
"2018-02-16 09:00:00",1376,21.67,23.37,20.85,95.8,98.4,87.4,0.408,68.47,66.92,1.43,0.01,0,1003.843,"NAN","NAN","NAN",0
"2018-02-16 10:00:00",1377,24.63,25.92,23.18,81.1,89.9,73.72,0.944,105.1,42.58,2.9,0.06,0,1004.194,"NAN","NAN","NAN",0
"2018-02-16 11:00:00",1378,25.58,26.53,24.72,77.19,81.9,70.45,1.109,65.32,43.23,2.98,0.12,0,1003.959,"NAN","NAN","NAN",0
"2018-02-16 12:00:00",1379,26.06,26.57,25.19,76.3,80.2,71.27,1.235,40.73,45.41,3.64,0.11,0,1003.17,"NAN","NAN","NAN",0
"2018-02-16 13:00:00",1380,25.51,26.29,24.67,80.7,84.9,76.9,1.479,24.71,50.06,4.14,0.06,0,1002.132,"NAN","NAN","NAN",0
"2018-02-16 14:00:00",1381,24.85,25.86,24.25,84.6,88.2,79.15,1.225,16.7,58.64,3.51,0.11,0,1001.196,"NAN","NAN","NAN",0
"2018-02-16 15:00:00",1382,24.37,24.96,23.92,86.6,88.9,84.2,1.109,12.63,50.88,4,0.09,0,1000.481,"NAN","NAN","NAN",0
"2018-02-16 16:00:00",1383,24.28,24.87,23.59,86.1,89.8,82.8,1.33,37.89,37.23,3.27,0.1,0,1000.223,"NAN","NAN","NAN",0
"2018-02-16 17:00:00",1384,23.6,24.11,22.97,89.3,92,87.5,0.897,73.09,40.47,3.1,0.1,0,1000.114,"NAN","NAN","NAN",0
"2018-02-16 18:00:00",1385,22.92,23.25,22.59,92.7,93.9,91.5,0.636,77.35,64.96,1.93,0.02,0,1000.248,"NAN","NAN","NAN",0
"2018-02-16 19:00:00",1386,22.56,22.87,22.16,94.4,95.1,93.3,0.636,117.9,54.93,1.95,0.02,0,1000.635,"NAN","NAN","NAN",0
"2018-02-16 20:00:00",1387,21.68,22.35,20.99,96.6,97.5,95,0.825,159.5,30.44,1.94,0.18,0,1001.081,"NAN","NAN","NAN",0
"2018-02-16 21:00:00",1388,20.6,21.27,20.23,97.3,97.9,96.7,0.708,212.7,47.43,1.63,0.06,0,1001.71,"NAN","NAN","NAN",0
"2018-02-16 22:00:00",1389,21.1,21.46,20.51,98.2,98.7,97.6,1.182,185.4,25.92,2.6,0.34,0,1002.09,"NAN","NAN","NAN",0
"2018-02-16 23:00:00",1390,20.44,21.08,20.13,97.4,98,96.8,0.82,201.4,26.28,1.56,0.14,0,1002.036,"NAN","NAN","NAN",0
"2018-02-17 00:00:00",1391,20.57,20.8,20.28,97.6,98,97.2,1.013,161.2,20.8,2.55,0.22,0,1002.031,"NAN","NAN","NAN",0
"2018-02-17 01:00:00",1392,20.85,20.99,20.66,97.7,97.9,97.4,0.981,180.3,25.59,2.3,0.03,0,1001.795,"NAN","NAN","NAN",0
"2018-02-17 02:00:00",1393,20.78,20.99,20.56,98,98.5,97.5,0.702,212,26.11,1.8,0.13,0,1001.423,"NAN","NAN","NAN",0
"2018-02-17 03:00:00",1394,20.3,20.8,20.04,98.3,98.5,98,0.8,224.8,17.19,1.48,0.09,0,1000.973,"NAN","NAN","NAN",0
"2018-02-17 04:00:00",1395,20.52,21.08,20.04,98.5,98.8,98.1,0.743,224.3,14.61,1.31,0.27,0,1001.182,"NAN","NAN","NAN",0
"2018-02-17 05:00:00",1396,21.05,21.18,20.85,98.6,98.9,98.2,0.97,230.1,31.66,2.22,0.05,0,1001.305,"NAN","NAN","NAN",0
"2018-02-17 06:00:00",1397,21.14,21.32,20.99,98.6,99.2,98.3,0.747,228.4,46.14,1.96,0.02,1.8,1001.759,"NAN","NAN","NAN",0
"2018-02-17 07:00:00",1398,21.35,21.46,21.08,99.2,99.4,98.9,0.728,224.2,22.55,2.18,0.03,0,1002.337,"NAN","NAN","NAN",0
"2018-02-17 08:00:00",1399,21.55,21.89,21.23,99.3,99.5,99.1,0.433,212.3,54.16,0.98,0.02,0,1002.853,"NAN","NAN","NAN",0
"2018-02-17 09:00:00",1400,22.36,23.27,21.65,99,99.5,98,0.4,70.67,86.5,1.55,0.01,0,1003.332,"NAN","NAN","NAN",0
"2018-02-17 10:00:00",1401,23.45,24.11,22.83,94.4,98.1,89.8,0.799,13.02,62.02,2.19,0.08,0,1003.619,"NAN","NAN","NAN",0
"2018-02-17 11:00:00",1402,23.82,24.11,23.35,91.3,93,89.1,0.788,7.217,52.61,2.21,0.02,0,1003.572,"NAN","NAN","NAN",0
"2018-02-17 12:00:00",1403,24.76,25.49,23.92,87.3,91,82.1,1.165,35.94,51.45,3.64,0.06,0,1003.046,"NAN","NAN","NAN",0
"2018-02-17 13:00:00",1404,24.92,25.63,24.11,85.8,90.2,81.5,1.118,25.79,45.97,3.7,0.05,0,1001.924,"NAN","NAN","NAN",0
"2018-02-17 14:00:00",1405,24.98,26.01,24.25,86.4,89.9,82.1,1.536,23.93,47.3,3.67,0.07,0,1001.014,"NAN","NAN","NAN",0
"2018-02-17 15:00:00",1406,24.52,25.01,23.92,86.5,89.1,82.3,1.163,28.25,41.76,3.52,0.04,0,1000.377,"NAN","NAN","NAN",0
"2018-02-17 16:00:00",1407,24.12,24.49,23.73,87.4,89.4,84.7,0.997,11.98,48.07,2.91,0.06,0,1000.173,"NAN","NAN","NAN",0
"2018-02-17 17:00:00",1408,23.7,24.2,23.02,89.5,92.3,85.9,0.844,17.71,62.92,2.68,0.01,0,1000.165,"NAN","NAN","NAN",0
"2018-02-17 18:00:00",1409,22.75,23.21,22.31,94.3,95.6,92.1,0.372,260.8,86.2,1.53,0.01,0,1000.697,"NAN","NAN","NAN",0
"2018-02-17 19:00:00",1410,22.09,22.5,21.51,96.5,97.3,95.3,0.628,169.4,20.41,1.44,0.12,0,1001.114,"NAN","NAN","NAN",0
"2018-02-17 20:00:00",1411,21.22,21.65,20.85,97.6,98.2,97,0.75,212.9,11.98,1.35,0.26,0,1001.502,"NAN","NAN","NAN",0
"2018-02-17 21:00:00",1412,20.83,21.18,20.42,98.1,98.5,97.8,0.752,194.5,18.59,1.38,0.2,0,1001.901,"NAN","NAN","NAN",0
"2018-02-17 22:00:00",1413,20.59,20.8,20.32,98,98.4,97.5,0.877,179.1,17.55,2.28,0.29,0,1002.224,"NAN","NAN","NAN",0
"2018-02-17 23:00:00",1414,20.61,20.89,20.32,97.7,98.2,97.4,0.868,180.7,18.18,1.85,0.32,0,1002.47,"NAN","NAN","NAN",0
"2018-02-18 00:00:00",1415,20.74,20.99,20.47,98.2,98.5,97.7,0.91,176,17.55,2.05,0.35,0,1001.938,"NAN","NAN","NAN",0
"2018-02-18 01:00:00",1416,20.63,20.89,20.13,97.6,97.9,97.1,0.826,176.3,18.4,2,0.19,0,1001.454,"NAN","NAN","NAN",0
"2018-02-18 02:00:00",1417,20.6,20.89,20.28,96.5,97.3,95.5,0.934,177.2,20.49,2.18,0.23,0,1001.042,"NAN","NAN","NAN",0
"2018-02-18 03:00:00",1418,20.65,20.89,20.32,97.1,97.4,96.7,0.893,192.7,18.8,1.99,0.11,0,1001.018,"NAN","NAN","NAN",0
"2018-02-18 04:00:00",1419,20.96,21.08,20.75,97.5,97.9,97.1,0.701,204,24.51,1.3,0.11,0,1001.37,"NAN","NAN","NAN",0
"2018-02-18 05:00:00",1420,21.09,21.27,20.85,98.2,98.6,97.7,0.724,211.9,18.74,1.67,0.12,0,1001.386,"NAN","NAN","NAN",0
"2018-02-18 07:00:00",1421,21.22,21.37,21.04,98.7,99,98.5,0.781,228.1,11.93,1.49,0.07,0,1002.307,"NAN","NAN","NAN",0
"2018-02-18 08:00:00",1422,21.28,21.65,20.99,98.9,99.1,98.6,0.443,211.1,46.46,1.21,0.02,0,1002.572,"NAN","NAN","NAN",0
"2018-02-18 10:00:00",1423,25.21,26.01,23.65,81.6,92.3,74.94,0.999,48.05,49.17,2.91,0.11,0,1002.984,"NAN","NAN","NAN",0
"2018-02-18 11:00:00",1424,25.84,26.39,24.43,80.6,88.2,76.23,1.557,20.84,39.58,4.02,0.04,0,1003.07,"NAN","NAN","NAN",0
"2018-02-18 12:00:00",1425,24.32,25.72,23.49,88.8,91.4,83.4,1.393,354.8,57.09,4.03,0.21,0,1002.623,"NAN","NAN","NAN",0
"2018-02-18 14:00:00",1426,24.9,25.82,24.06,81.5,85.1,78.13,1.437,28.72,44.19,4.25,0.08,0,1000.97,"NAN","NAN","NAN",0
"2018-02-18 18:00:00",1427,22.75,23.06,22.44,91.4,93.2,89,0.65,120.4,38.53,2.05,0.09,0,999.6032,"NAN","NAN","NAN",0
"2018-02-18 19:00:00",1428,22.28,22.68,21.65,94.2,96,92.8,0.623,144.9,60.42,1.82,0,0,999.9342,"NAN","NAN","NAN",0
"2018-02-18 20:00:00",1429,21.37,21.84,20.99,95.5,96.4,94.5,0.776,206,31.1,2.27,0.03,0,1000.461,"NAN","NAN","NAN",0
"2018-02-18 21:00:00",1430,21.41,21.75,20.99,94.8,95.8,94.1,0.689,173.8,35.53,1.83,0.05,0,1001.183,"NAN","NAN","NAN",0
"2018-02-18 22:00:00",1431,21.8,21.99,21.46,94,95.4,92.5,0.934,180.1,29.31,2.17,0.08,0,1001.305,"NAN","NAN","NAN",0
"2018-02-18 23:00:00",1432,21.75,22.03,21.56,95.2,95.6,94.8,0.815,182.2,28.35,2.5,0.12,0,1001.023,"NAN","NAN","NAN",0
"2018-02-19 00:00:00",1433,21.95,22.03,21.75,95.6,96.2,95,0.808,192.2,25.78,2.42,0.11,0,1000.807,"NAN","NAN","NAN",0
"2018-02-19 01:00:00",1434,21.66,21.99,21.27,96.5,97.1,95.8,0.759,204.7,19.09,2.51,0.17,0,1000.35,"NAN","NAN","NAN",0
"2018-02-19 02:00:00",1435,21.46,21.65,21.27,96.8,97.3,96.4,0.71,193.6,27.85,1.56,0.04,0,999.9242,"NAN","NAN","NAN",0
"2018-02-19 03:00:00",1436,21.18,21.46,20.89,97.4,98,96.6,0.795,211.5,13.85,1.16,0.17,0,999.4761,"NAN","NAN","NAN",0
"2018-02-19 04:00:00",1437,20.98,21.08,20.8,97.7,98,97.4,0.81,220.4,15.05,1.28,0.14,0,999.2906,"NAN","NAN","NAN",0
"2018-02-19 05:00:00",1438,20.86,20.99,20.7,97.9,98.1,97.6,0.795,222.4,12.2,1.27,0.18,0,999.1392,"NAN","NAN","NAN",0
"2018-02-19 06:00:00",1439,21.07,21.18,20.8,98.1,98.6,97.7,0.693,199.2,34.17,2.02,0.01,0,999.4805,"NAN","NAN","NAN",0
"2018-02-19 07:00:00",1440,20.76,21.08,20.51,98.1,98.5,97.8,0.776,194.7,19.99,1.97,0.15,0,999.7827,"NAN","NAN","NAN",0
"2018-02-19 08:00:00",1441,21.01,22.18,20.51,97.9,98.7,94.3,0.734,175.2,38.94,3.29,0.07,0,1000.053,"NAN","NAN","NAN",0
"2018-02-19 09:00:00",1442,23.09,24.17,21.94,88.4,94,83.9,0.932,118,54.12,2.88,0.03,0,1000.442,"NAN","NAN","NAN",0
"2018-02-19 10:00:00",1443,24.08,24.58,23.54,85.8,88.8,83,1.342,83.6,46.77,4.14,0.16,0,1000.745,"NAN","NAN","NAN",0
"2018-02-19 11:00:00",1444,24.63,25.53,24.01,83,87.9,78.27,1.658,68.1,35.98,4.21,0.09,0,1000.689,"NAN","NAN","NAN",0
"2018-02-19 12:00:00",1445,25.14,26.34,24.11,81,87.2,76.06,1.645,68.86,45.09,4.38,0.07,0,999.8356,"NAN","NAN","NAN",0
"2018-02-19 13:00:00",1446,24.06,24.77,23.59,83,85.7,79.35,1.382,71.84,51.02,4.61,0.1,0,998.5929,"NAN","NAN","NAN",0
"2018-02-19 14:00:00",1447,23.93,24.3,23.59,84.1,87.1,80.8,1.169,81,45.4,3.75,0.07,0,997.3411,"NAN","NAN","NAN",0
"2018-02-19 15:00:00",1448,23.91,24.2,23.59,85.2,88.1,82.6,0.892,22.79,62.96,2.64,0.05,0,996.3859,"NAN","NAN","NAN",0
"2018-02-19 16:00:00",1449,23.96,24.39,23.49,85.1,88.8,81.8,0.718,59.99,58.55,2.55,0.03,0,995.8535,"NAN","NAN","NAN",0
"2018-02-19 17:00:00",1450,23.77,24.39,23.02,87.6,90.5,83.4,0.595,59.8,62.01,2.16,0.02,0,995.7639,"NAN","NAN","NAN",0
"2018-02-19 18:00:00",1451,23.05,23.44,22.35,90.9,93.3,89.1,0.654,112.9,41.32,2,0.02,0,995.9467,"NAN","NAN","NAN",0
"2018-02-19 19:00:00",1452,21.93,22.49,21.22,94.8,96.3,93.1,0.658,204.3,29.36,1.37,0.07,0,996.0208,"NAN","NAN","NAN",0
"2018-02-19 20:00:00",1453,21.25,21.55,21.08,96.9,97.7,95.8,0.824,223.3,12.31,1.44,0.25,0,996.3846,"NAN","NAN","NAN",0
"2018-02-19 21:00:00",1454,21.34,21.56,21.13,98,98.6,97.4,0.823,210.8,22.91,1.39,0.14,0,997.0906,"NAN","NAN","NAN",0
"2018-02-19 22:00:00",1455,21.33,21.56,21.08,98.4,98.6,98.1,0.874,213.7,19.31,1.4,0.2,0,997.4899,"NAN","NAN","NAN",0
"2018-02-19 23:00:00",1456,21.13,21.32,20.89,98.6,98.8,98.3,0.78,220.1,25.15,1.53,0.06,0,997.6071,"NAN","NAN","NAN",0
"2018-02-20 00:00:00",1457,21.02,21.27,20.85,98.7,98.9,98.5,0.955,212.6,17.29,1.59,0.07,0,997.5276,"NAN","NAN","NAN",0
"2018-02-20 01:00:00",1458,21.02,21.18,20.85,98.4,98.8,98,1.016,215.4,11.82,1.64,0.32,0,997.1581,"NAN","NAN","NAN",0
"2018-02-20 02:00:00",1459,21.15,21.32,20.89,97.7,98.5,96.1,1.03,202.2,19.93,2.11,0.19,0,996.7719,"NAN","NAN","NAN",0
"2018-02-20 03:00:00",1460,21.2,21.46,20.99,96.4,97.1,95.6,0.872,209.1,15.86,1.84,0.37,0,996.2887,"NAN","NAN","NAN",0
"2018-02-20 04:00:00",1461,21.02,21.27,20.8,95.9,97.1,94.6,0.834,193.9,26.36,1.96,0.05,0,996.0432,"NAN","NAN","NAN",0
"2018-02-20 05:00:00",1462,20.99,21.27,20.66,96.3,97,95.5,0.635,207.2,29.04,1.73,0.06,0,996.084,"NAN","NAN","NAN",0
"2018-02-20 06:00:00",1463,20.8,21.08,20.56,97.2,97.6,96.7,0.895,227.7,11.41,1.34,0.38,0,996.5156,"NAN","NAN","NAN",0
"2018-02-20 07:00:00",1464,20.6,20.75,20.28,97.3,97.7,97,0.902,220,11.13,1.42,0.27,0,997.1999,"NAN","NAN","NAN",0
"2018-02-20 08:00:00",1465,20.81,21.46,20.42,96.8,97.6,95.3,0.425,228,50.35,1.24,0.03,0,997.7868,"NAN","NAN","NAN",0
"2018-02-20 09:00:00",1466,22.4,24.32,21.27,93.1,95.8,85.1,0.516,33.33,50.24,1.96,0.03,0,998.342,"NAN","NAN","NAN",0
"2018-02-20 10:00:00",1467,25.17,25.83,24.22,81.2,86.1,77.25,0.885,28.43,48.81,2.35,0.08,0,998.958,"NAN","NAN","NAN",0
"2018-02-20 11:00:00",1468,25.76,26.48,25.25,77.58,81.2,74.09,1.043,46.89,46.12,3.07,0.01,0,998.9946,"NAN","NAN","NAN",0
"2018-02-20 12:00:00",1469,26.26,26.67,25.76,77.45,80.3,74.25,1.262,70.99,40.85,3.69,0.04,0,998.3816,"NAN","NAN","NAN",0
"2018-02-20 13:00:00",1470,27.01,27.33,26.48,74.95,79.69,69.23,1.117,84.9,45.13,2.67,0.05,0,997.3776,"NAN","NAN","NAN",0
"2018-02-20 14:00:00",1471,27.08,27.72,26.62,72.51,77.01,67.06,1.197,3.296,60.82,2.91,0.07,0,996.4545,"NAN","NAN","NAN",0
"2018-02-20 15:00:00",1472,26.83,27.63,26.15,74.46,79.93,70.42,1.156,48.64,62.09,3.16,0.14,0,995.7792,"NAN","NAN","NAN",0
"2018-02-20 16:00:00",1473,25.95,26.49,25.44,79.2,82.1,75.35,1.192,20.68,47.66,2.83,0.03,0,995.3369,"NAN","NAN","NAN",0
"2018-02-20 17:00:00",1474,25.05,25.72,24.39,85.2,89,80.9,0.938,8.91,42.59,2.52,0.1,0,995.5169,"NAN","NAN","NAN",0
"2018-02-20 18:00:00",1475,23.97,24.58,23.44,92,94.3,88.8,0.444,230.8,67.67,1.22,0.01,0,995.8036,"NAN","NAN","NAN",0
"2018-02-20 19:00:00",1476,23.07,23.59,22.54,95,96.5,94,0.572,212.1,32.47,1.43,0.01,0,996.2365,"NAN","NAN","NAN",0
"2018-02-20 20:00:00",1477,22.79,23.03,22.5,97.4,98.1,96.4,0.67,210.9,24.56,1.26,0.06,0,996.9592,"NAN","NAN","NAN",0
"2018-02-20 21:00:00",1478,22.56,22.89,22.18,97.9,98.2,97.3,0.823,210.1,17.57,1.62,0.13,0,997.7725,"NAN","NAN","NAN",0
"2018-02-20 22:00:00",1479,22.28,22.41,22.13,97,97.6,96.5,0.871,199.5,19.27,1.78,0.2,0,998.324,"NAN","NAN","NAN",0
"2018-02-20 23:00:00",1480,22.29,22.56,22.08,96.3,96.8,94.9,0.963,201.1,22.26,2.07,0.11,0,998.626,"NAN","NAN","NAN",0
"2018-02-21 00:00:00",1481,22.47,22.7,22.22,93.5,95,91.6,0.981,189.6,21.98,2.43,0.21,0,998.5009,"NAN","NAN","NAN",0
"2018-02-21 01:00:00",1482,22.03,22.41,21.7,93.5,94.2,92.6,0.821,208.6,26.68,1.69,0.01,0,998.2595,"NAN","NAN","NAN",0
"2018-02-21 02:00:00",1483,21.78,22.03,21.56,92.7,94.4,91.5,0.879,218.3,14.42,1.5,0.22,0,998.0736,"NAN","NAN","NAN",0
"2018-02-21 03:00:00",1484,21.68,21.84,21.46,92.4,93.9,91.3,0.908,220.6,10.97,1.76,0.13,0,997.8645,"NAN","NAN","NAN",0
"2018-02-21 04:00:00",1485,21.74,21.94,21.56,92.2,93.9,91.4,0.943,220.2,12.45,1.74,0.19,0,997.9996,"NAN","NAN","NAN",0
"2018-02-21 05:00:00",1486,21.79,21.99,21.61,94,95.4,92.2,0.925,214.8,13.86,1.48,0.02,0,997.8146,"NAN","NAN","NAN",0
"2018-02-21 06:00:00",1487,21.45,21.75,21.13,96,96.8,94.8,0.793,222.1,12.85,1.23,0.25,0,997.9255,"NAN","NAN","NAN",0
"2018-02-21 07:00:00",1488,21.08,21.37,20.89,97,97.6,96.5,0.736,217.1,21.99,1.37,0.04,0,998.7321,"NAN","NAN","NAN",0
"2018-02-21 08:00:00",1489,21.33,21.84,20.89,97.6,97.9,97.2,0.373,224.8,65.27,1.02,0.01,0,999.2233,"NAN","NAN","NAN",0
"2018-02-21 09:00:00",1490,22.87,24.51,21.65,93.3,97.4,83.8,0.678,31.36,54.96,1.99,0.02,0,999.8133,"NAN","NAN","NAN",0
"2018-02-21 10:00:00",1491,25.51,26.2,24.36,80.3,85,76.75,1.062,1.834,50.63,2.83,0.03,0,1000.288,"NAN","NAN","NAN",0
"2018-02-21 11:00:00",1492,26.01,26.77,25.44,79.83,81.5,78.06,1.268,350.3,42.21,3.37,0.19,0,1000.496,"NAN","NAN","NAN",0
"2018-02-21 12:00:00",1493,26.55,27.05,26,79.11,81.6,76.84,1.204,353.7,43.91,3.5,0.07,0,1000.209,"NAN","NAN","NAN",0
"2018-02-21 13:00:00",1494,26.92,27.53,26.15,77.07,81.5,74.02,1.401,13.4,41.33,3.35,0.03,0,999.5399,"NAN","NAN","NAN",0
"2018-02-21 14:00:00",1495,27.24,27.67,26.77,76.33,79.11,73.55,1.242,15.96,44.01,3.2,0.09,0,998.8632,"NAN","NAN","NAN",0
"2018-02-21 15:00:00",1496,26.98,27.62,26.53,78.02,80.7,74.53,1.261,14.18,45.66,3.17,0.04,0,998.2755,"NAN","NAN","NAN",0
"2018-02-21 16:00:00",1497,26.27,27.01,25.53,81.6,84.9,77.76,1.15,360,47.84,3.47,0.05,0,998.0447,"NAN","NAN","NAN",0
"2018-02-21 17:00:00",1498,25.31,25.92,24.63,87,90.3,82.5,0.863,23.94,49.07,1.81,0.04,0,998.1188,"NAN","NAN","NAN",0
"2018-02-21 18:00:00",1499,24.2,24.77,23.44,92.7,94.7,90.2,0.449,118.8,65.7,1.13,0.01,0,998.4823,"NAN","NAN","NAN",0
"2018-02-21 19:00:00",1500,22.4,23.54,21.64,92,94.1,91,0.456,189.4,36.37,1.02,0.01,0,998.9482,"NAN","NAN","NAN",0
"2018-02-21 20:00:00",1501,21.69,22.08,21.41,92.2,95.6,90.4,0.789,195.3,13.05,1.27,0.15,0,999.8458,"NAN","NAN","NAN",0
"2018-02-21 21:00:00",1502,22.15,22.41,21.84,96.5,97.7,94.9,0.749,178.7,21.24,1.98,0.13,0,1000.668,"NAN","NAN","NAN",0
"2018-02-21 22:00:00",1503,21.9,22.41,21.27,97.4,97.9,95.2,0.861,176.8,23.63,2.37,0.07,0,1001.108,"NAN","NAN","NAN",0
"2018-02-21 23:00:00",1504,21.68,22.37,21.13,90.1,95.5,80.9,1.124,189,28.69,2.77,0.1,0,1001.416,"NAN","NAN","NAN",0
"2018-02-22 00:00:00",1505,22.68,23.18,22.22,82,84.9,77.16,1.008,202.7,32.86,2.46,0.12,0,1001.366,"NAN","NAN","NAN",0
"2018-02-22 01:00:00",1506,22.43,22.7,22.08,85.9,89.3,82.6,0.868,211.2,29.11,2.14,0.13,0,1000.899,"NAN","NAN","NAN",0
"2018-02-22 02:00:00",1507,21.91,22.27,21.7,90.6,92.1,88.8,0.887,219.1,18.15,1.93,0.21,0,1000.799,"NAN","NAN","NAN",0
"2018-02-22 03:00:00",1508,21.81,21.99,21.61,94.2,95.5,91.9,0.943,220.4,11.16,1.46,0.32,0,1000.404,"NAN","NAN","NAN",0
"2018-02-22 04:00:00",1509,21.49,21.75,21.08,95.6,96.1,95,0.662,215.6,31.29,1.55,0.05,0,1000.087,"NAN","NAN","NAN",0
"2018-02-22 05:00:00",1510,21.19,21.46,20.94,95.7,96.5,94.6,1.12,247,23.1,2.7,0.31,0,1000.46,"NAN","NAN","NAN",0
"2018-02-22 06:00:00",1511,21.33,21.65,21.18,96.9,97.8,96,0.885,219.2,18.57,2.41,0.19,0,1000.759,"NAN","NAN","NAN",0
"2018-02-22 07:00:00",1512,21.91,22.37,21.42,97.9,98.2,97.5,0.436,191.1,25.98,1.09,0.05,0,1001.474,"NAN","NAN","NAN",0
"2018-02-22 08:00:00",1513,22.44,22.7,22.18,97.9,98.2,97.5,0.386,162.3,41.12,1.15,0.02,0,1002.358,"NAN","NAN","NAN",0
"2018-02-22 09:00:00",1514,23.12,24.02,22.46,94.4,97.8,86,0.593,105.6,51.57,2.4,0.1,0,1002.906,"NAN","NAN","NAN",0
"2018-02-22 10:00:00",1515,24.22,25.06,23.64,87.6,91.3,79.49,0.871,85,49.96,2.09,0.04,0,1003.502,"NAN","NAN","NAN",0
"2018-02-22 11:00:00",1516,25.05,26.3,24.25,82.1,87.6,75.89,1.185,95.4,43.18,3.69,0.13,0,1003.707,"NAN","NAN","NAN",0
"2018-02-22 12:00:00",1517,25.28,26.01,24.44,83.9,87.9,79.46,1.604,60.41,43.31,5.24,0.08,0,1003.33,"NAN","NAN","NAN",0
"2018-02-22 13:00:00",1518,24.64,24.87,24.39,85.9,88.6,83.2,1.37,59.68,57.12,4.2,0.01,0,1002.702,"NAN","NAN","NAN",0
"2018-02-22 14:00:00",1519,24.5,24.77,24.16,85.7,87.9,82.6,1.144,34.55,50.97,3.85,0.05,0,1002.04,"NAN","NAN","NAN",0
"2018-02-22 15:00:00",1520,24.18,24.39,23.87,88.5,89.8,87.3,1.352,45.9,49.37,4.24,0.11,0,1001.296,"NAN","NAN","NAN",0
"2018-02-22 16:00:00",1521,24.04,24.35,23.82,88.7,90.8,86.3,1.291,88.1,44.14,3.3,0.18,0,1000.823,"NAN","NAN","NAN",0
"2018-02-22 17:00:00",1522,23.96,24.2,23.59,89.2,91,87.2,0.963,93.4,44.04,3.39,0.09,0,1000.714,"NAN","NAN","NAN",0
"2018-02-22 18:00:00",1523,23.46,23.82,23.25,92.6,93.5,90.8,0.644,137,42.31,1.8,0.03,0,1000.854,"NAN","NAN","NAN",0
"2018-02-22 19:00:00",1524,23.36,23.73,23.11,94.5,95.4,93.1,1.012,69.77,58.51,3.48,0.07,0,1001.45,"NAN","NAN","NAN",0
"2018-02-22 20:00:00",1525,23.2,23.4,22.97,95.7,96.8,94.9,0.662,110.2,59.99,1.98,0.03,0,1002.191,"NAN","NAN","NAN",0
"2018-02-22 21:00:00",1526,22.99,23.17,22.79,96.8,97.1,96.4,0.395,149.3,48.9,1.34,0.02,0,1003.007,"NAN","NAN","NAN",0
"2018-02-22 22:00:00",1527,22.79,22.98,22.51,97.4,97.8,96.9,0.667,175.9,42.06,2.09,0.03,0,1003.813,"NAN","NAN","NAN",0
"2018-02-22 23:00:00",1528,22.15,22.7,21.56,97.3,97.8,96.8,0.549,223.7,27.63,1.15,0.03,0,1004.051,"NAN","NAN","NAN",0
"2018-02-23 00:00:00",1529,21.57,21.84,21.32,97.4,97.7,97,0.793,222.8,12.5,1.34,0.17,0,1003.987,"NAN","NAN","NAN",0
"2018-02-23 01:00:00",1530,21.56,21.84,21.32,97.9,98.3,97.3,0.816,220.8,14.51,1.63,0.33,0,1004.063,"NAN","NAN","NAN",0
"2018-02-23 02:00:00",1531,22.02,22.32,21.65,98.2,98.5,98,0.523,235.1,50.88,1.34,0.03,0.6,1003.834,"NAN","NAN","NAN",0
"2018-02-23 03:00:00",1532,22.26,22.41,22.03,98.7,99.1,98.2,0.973,228.5,23.9,1.96,0.19,1.5,1003.26,"NAN","NAN","NAN",0
"2018-02-23 04:00:00",1533,22.16,22.32,21.84,99.1,99.4,98.8,1.027,229.3,25.73,2.44,0.14,0,1002.987,"NAN","NAN","NAN",0
"2018-02-23 05:00:00",1534,21.83,22.13,21.61,99.2,99.5,99,0.805,237,32.3,1.86,0.02,0,1002.795,"NAN","NAN","NAN",0
"2018-02-23 06:00:00",1535,21.77,22.03,21.37,99.3,99.5,99.1,0.67,227,14.83,1.64,0.1,0,1002.964,"NAN","NAN","NAN",0
"2018-02-23 07:00:00",1536,21.36,21.61,21.18,99.4,99.6,99.1,0.819,219.6,9.93,1.45,0.32,0,1003.404,"NAN","NAN","NAN",0
"2018-02-23 08:00:00",1537,22.04,22.65,21.42,99.5,99.6,99.2,0.539,259.7,45.6,1.45,0.04,0,1003.872,"NAN","NAN","NAN",0
"2018-02-23 09:00:00",1538,22.62,22.8,22.41,99.4,99.6,99.2,0.331,248.6,85.1,1.63,0.02,0,1004.459,"NAN","NAN","NAN",0
"2018-02-23 10:00:00",1539,22.9,23.17,22.51,99.2,99.6,98.7,0.591,311.3,48.54,1.85,0.06,0,1004.763,"NAN","NAN","NAN",0
"2018-02-23 11:00:00",1540,24.45,25.82,23.02,90.8,98.9,81.4,1.049,32.26,45.38,2.8,0.07,0,1004.648,"NAN","NAN","NAN",0
"2018-02-23 12:00:00",1541,24.62,25.25,24.25,87.1,91.3,83.4,1.246,12.42,50.05,3.26,0.06,0,1004.133,"NAN","NAN","NAN",0
"2018-02-23 13:00:00",1542,25.24,25.68,24.58,84.2,88.1,80.6,1.219,2.874,46.63,3.48,0.03,0,1003.327,"NAN","NAN","NAN",0
"2018-02-23 14:00:00",1543,25.46,26.01,25.01,82.3,86.4,78.4,1.329,20.99,49.13,3.51,0.13,0,1002.32,"NAN","NAN","NAN",0
"2018-02-23 15:00:00",1544,24.96,25.72,24.11,82.8,86.5,80.2,1.195,32.14,46.92,3.51,0.05,0,1001.244,"NAN","NAN","NAN",0
"2018-02-23 16:00:00",1545,24.16,24.49,23.78,86.6,88.5,85,1.04,69.77,50.75,3.63,0.02,0,1000.709,"NAN","NAN","NAN",0
"2018-02-23 17:00:00",1546,24,24.3,23.59,87.6,89.9,84.2,0.716,95.2,44.68,1.9,0.01,0,1000.42,"NAN","NAN","NAN",0
"2018-02-23 18:00:00",1547,23.51,23.82,23.21,89.9,92.2,88.1,0.566,115,53.54,1.71,0.03,0,1000.61,"NAN","NAN","NAN",0
"2018-02-23 19:00:00",1548,23.05,23.44,22.64,93.2,95.2,91.1,0.538,160,64.95,1.81,0.02,0,1000.753,"NAN","NAN","NAN",0
"2018-02-25 15:00:00",1592,27.43,27.82,27.01,69.64,73.62,66.21,1.4,22.65,56.68,3.73,0.11,0,995.8108,"NAN","NAN","NAN",0
"2018-02-25 16:00:00",1593,26.4,27.06,25.96,81,85.3,72.63,1.269,82.5,36.1,3.15,0.11,0,995.1024,"NAN","NAN","NAN",0
"2018-02-25 17:00:00",1594,25.46,26.15,24.82,85.2,87.1,81.9,0.677,96.4,56.58,2.04,0.02,0,995.1296,"NAN","NAN","NAN",0
"2018-02-25 18:00:00",1595,24.53,25.06,23.78,89,92.7,85.5,0.777,157.3,34.71,2.05,0.01,0,995.736,"NAN","NAN","NAN",0
"2018-02-25 19:00:00",1596,23.17,23.97,22.6,93.4,94.8,92.4,0.65,191.1,31.05,1.53,0.01,0,996.1688,"NAN","NAN","NAN",0
"2018-02-25 20:00:00",1597,22.66,22.84,22.41,95.2,96.4,94.2,0.699,202.2,18.51,1.39,0.15,0,997.0735,"NAN","NAN","NAN",0
"2018-02-25 21:00:00",1598,22.56,22.8,22.22,96.7,97.5,96,0.997,207.7,13.44,2.15,0.32,0,997.7504,"NAN","NAN","NAN",0
"2018-02-25 22:00:00",1599,22.93,23.18,22.65,95.9,97.4,93.8,0.923,175.1,29.23,2.86,0.08,0,998.3458,"NAN","NAN","NAN",0
"2018-02-25 23:00:00",1600,22.78,22.99,22.51,92.8,94.3,90.2,0.991,182.8,28.03,2.42,0.1,0,998.7173,"NAN","NAN","NAN",0
"2018-02-26 00:00:00",1601,23.49,25.84,22.56,86.1,91.8,71.08,1.226,182.1,35.92,4.59,0.08,0,998.4881,"NAN","NAN","NAN",0
"2018-02-26 01:00:00",1602,22.69,22.99,22.41,91.8,93.4,89.7,0.868,211.7,19.08,1.67,0.25,0,998.1273,"NAN","NAN","NAN",0
"2018-02-26 02:00:00",1603,22.36,22.6,22.13,93.4,93.7,92.6,0.998,220.2,10.8,1.5,0.31,0,997.4809,"NAN","NAN","NAN",0
"2018-02-26 03:00:00",1604,22.13,22.32,21.89,93.6,94.9,92.4,0.87,217.7,11.39,1.57,0.21,0,997.1445,"NAN","NAN","NAN",0
"2018-02-26 04:00:00",1605,21.95,22.13,21.8,94.4,95.3,93.4,0.98,216.9,9.45,1.58,0.23,0,997.1434,"NAN","NAN","NAN",0
"2018-02-26 05:00:00",1606,21.86,22.03,21.61,94.2,95.4,93.2,0.836,226.3,19.27,1.49,0.19,0,997.476,"NAN","NAN","NAN",0
"2018-02-26 06:00:00",1607,21.59,21.8,21.32,95.2,95.8,94.2,0.922,224.5,12.24,1.5,0.39,0,997.9075,"NAN","NAN","NAN",0
"2018-02-26 07:00:00",1608,21.42,21.65,21.18,96.3,96.8,95.5,0.842,218.4,11.91,1.43,0.16,0,998.6534,"NAN","NAN","NAN",0
"2018-02-26 08:00:00",1609,21.73,22.6,21.13,96.1,96.7,95.4,0.451,239.8,61.14,1.07,0.01,0,999.5717,"NAN","NAN","NAN",0
"2018-02-26 09:00:00",1610,23.75,25.36,22.46,90.9,95.6,82.8,0.693,15.9,54.39,1.86,0.07,0,1000.44,"NAN","NAN","NAN",0
"2018-02-26 10:00:00",1611,26.53,27.72,25.22,80,84.5,74.67,0.863,70.03,46.67,2.14,0.03,0,1000.876,"NAN","NAN","NAN",0
"2018-02-26 11:00:00",1612,27.23,27.81,26.72,78.73,81.3,75.85,1.181,18.65,50.3,2.99,0.09,0,1000.826,"NAN","NAN","NAN",0
"2018-02-26 12:00:00",1613,27.21,27.72,26.58,77.97,80.3,75.14,1.615,343.8,37.72,4.3,0.07,0,1000.563,"NAN","NAN","NAN",0
"2018-02-26 13:00:00",1614,26.96,27.63,26.15,80.1,83,76.3,1.793,334.3,43.6,4.2,0.04,0,1000.204,"NAN","NAN","NAN",0
"2018-02-26 14:00:00",1615,26.49,27.24,25.87,82.1,84.9,78.71,1.445,358,41.92,3.55,0.18,0,999.9287,"NAN","NAN","NAN",0
"2018-02-26 15:00:00",1616,25.6,26.01,25.06,85.5,87.5,82.8,1.302,352.9,47.44,3.71,0.01,0,999.5695,"NAN","NAN","NAN",0
"2018-02-26 16:00:00",1617,25.56,25.92,24.77,85.6,87.8,84,1.29,346.3,45.87,3.45,0.09,0,999.3393,"NAN","NAN","NAN",0
"2018-02-26 17:00:00",1618,24.79,25.06,24.39,87.8,88.9,86.5,1.238,326.4,48.51,3.51,0.07,0,999.5087,"NAN","NAN","NAN",0
"2018-02-26 18:00:00",1619,24.13,24.68,23.49,89.7,91.2,87.8,0.84,341.4,49.76,3.35,0.05,0,999.9648,"NAN","NAN","NAN",0
"2018-02-26 19:00:00",1620,23.48,23.73,23.26,92.3,93.2,91.2,0.538,284.4,35.72,1.62,0.03,0,1000.491,"NAN","NAN","NAN",0
"2018-02-26 20:00:00",1621,23.18,23.45,22.97,93.4,94,92.6,0.477,267,44.72,1.45,0.05,0,1001.326,"NAN","NAN","NAN",0
"2018-02-26 21:00:00",1622,22.85,23.21,22.46,94.1,95,93.1,0.466,206.7,30.84,0.94,0.05,0,1002.102,"NAN","NAN","NAN",0
"2018-02-26 22:00:00",1623,22.32,22.6,21.8,95.3,96,94.5,0.505,177.2,31.82,1.36,0.02,0,1002.715,"NAN","NAN","NAN",0
"2018-02-26 23:00:00",1624,21.64,22.03,21.42,94.2,96.1,91,1.197,197.4,21.04,3.32,0.14,0,1002.764,"NAN","NAN","NAN",0
"2018-02-27 00:00:00",1625,21.53,21.75,21.27,92.2,94,90.3,1.417,206.7,23.01,3.6,0.08,0,1002.677,"NAN","NAN","NAN",0
"2018-02-27 01:00:00",1626,21.44,21.65,21.23,94.6,95.8,93.5,0.845,184.9,34.33,2.03,0.13,0,1002.451,"NAN","NAN","NAN",0
"2018-02-27 02:00:00",1627,21.39,21.65,20.89,95.4,96.3,93.4,0.785,211,37.61,1.86,0.04,0,1002.11,"NAN","NAN","NAN",0
"2018-02-27 03:00:00",1628,21.37,21.8,20.89,93.9,94.8,93,0.518,251.5,63.71,1.85,0.01,0,1002.407,"NAN","NAN","NAN",0
"2018-02-27 04:00:00",1629,21.48,21.84,21.08,95,96,94.1,0.747,220.2,16.17,1.55,0.1,0,1002.266,"NAN","NAN","NAN",0
"2018-02-27 05:00:00",1630,21.28,21.37,21.08,96.5,97.1,95.6,0.885,213.7,16.17,1.75,0.21,0,1001.902,"NAN","NAN","NAN",0
"2018-02-27 06:00:00",1631,21.25,21.46,21.08,97.3,97.7,96.8,0.75,215.6,23.22,1.4,0.01,0,1002.109,"NAN","NAN","NAN",0
"2018-02-27 07:00:00",1632,21.47,21.75,21.13,96.7,97.3,96.1,0.491,215.2,36.05,1.05,0.01,0,1002.636,"NAN","NAN","NAN",0
"2018-02-27 08:00:00",1633,21.7,22.03,21.46,96.7,97.3,96.2,0.39,164.7,58.92,1.91,0.01,0,1003.022,"NAN","NAN","NAN",0
"2018-02-27 09:00:00",1634,23.33,25.03,21.89,91.1,96.5,82.9,0.648,46.44,45.69,2.12,0.03,0,1003.399,"NAN","NAN","NAN",0
"2018-02-27 10:00:00",1635,25.42,25.92,24.87,82.1,85.5,79.9,1.136,353.3,61.44,3.01,0.04,0,1003.665,"NAN","NAN","NAN",0
"2018-02-27 11:00:00",1636,25.44,26.34,24.82,80.8,83,75.76,1.021,325.2,50.92,3.27,0.04,0,1003.419,"NAN","NAN","NAN",0
"2018-02-27 12:00:00",1637,26.57,27.15,25.77,76.55,81.1,73.01,1.42,18.38,43.66,3.96,0.01,0,1002.648,"NAN","NAN","NAN",0
"2018-02-27 13:00:00",1638,27.03,27.63,26.34,74.58,78.37,70.83,1.68,14.85,32.71,4.48,0.05,0,1001.572,"NAN","NAN","NAN",0
"2018-02-27 14:00:00",1639,26.52,27.05,26.01,78.94,82.3,74.67,1.532,14.58,43.21,4.59,0.2,0,1000.757,"NAN","NAN","NAN",0
"2018-02-27 15:00:00",1640,25.8,26.48,24.96,81.8,86.6,78.67,1.404,24.81,46.9,3.87,0.01,0,999.916,"NAN","NAN","NAN",0
"2018-02-27 16:00:00",1641,24.98,25.25,24.77,85.7,87.1,84.2,1.044,55.79,50.78,3.14,0.12,0,999.1484,"NAN","NAN","NAN",0
"2018-02-27 17:00:00",1642,24.81,25.34,24.49,86.5,88.3,84.5,0.892,37.95,54.07,2.59,0.07,0,998.9698,"NAN","NAN","NAN",0
"2018-02-27 18:00:00",1643,23.59,24.68,22.78,90.9,94.1,86.1,0.703,155.9,25.94,1.35,0.03,0,998.969,"NAN","NAN","NAN",0
"2018-02-27 19:00:00",1644,22.66,22.97,21.98,94.4,95.3,93.8,0.516,174.2,30.57,1.25,0.03,0,999.2628,"NAN","NAN","NAN",0
"2018-02-27 20:00:00",1645,21.75,22.22,21.46,96.4,97.1,95.2,0.92,162,24.47,2.51,0.1,0,999.6595,"NAN","NAN","NAN",0
"2018-02-27 21:00:00",1646,21.29,21.65,20.94,97,97.6,96.6,0.841,204.6,18.39,1.55,0.14,0,1000.305,"NAN","NAN","NAN",0
"2018-02-27 22:00:00",1647,20.71,21.23,20.23,94.1,97.5,90.2,0.86,196.4,29.64,2.17,0.1,0,1000.497,"NAN","NAN","NAN",0
"2018-02-27 23:00:00",1648,20.68,20.99,20.47,90.9,92.6,87.9,0.891,182.5,26.87,2.79,0.35,0,1000.548,"NAN","NAN","NAN",0
"2018-02-28 00:00:00",1649,20.85,21.09,20.51,92.9,93.9,91,0.936,202,10.19,1.44,0.43,0,1000.439,"NAN","NAN","NAN",0
"2018-02-28 01:00:00",1650,21.04,21.28,20.8,93.9,94.7,93.1,0.909,200.3,19.95,1.58,0.19,0,999.8869,"NAN","NAN","NAN",0
"2018-02-28 02:00:00",1651,21.3,21.66,20.94,91.7,94,88.7,0.958,201.4,20.25,2.21,0.26,0,999.0796,"NAN","NAN","NAN",0
"2018-02-28 03:00:00",1652,21.35,21.61,21.04,90.1,91.5,87.8,0.861,207.5,37.83,2.32,0.04,0,998.6031,"NAN","NAN","NAN",0
"2018-02-28 04:00:00",1653,21.2,21.65,20.89,92.5,93.9,89.6,0.778,183.7,37.75,2.42,0.08,0,998.7597,"NAN","NAN","NAN",0
"2018-02-28 05:00:00",1654,21.9,22.13,21.46,94.7,95.6,93.4,0.756,185.6,35.48,2.05,0.09,0,998.7198,"NAN","NAN","NAN",0
"2018-02-28 06:00:00",1655,22.11,22.22,21.89,95.8,96.1,95.4,0.67,186.9,31.65,1.93,0.08,0,998.7189,"NAN","NAN","NAN",0
"2018-02-28 07:00:00",1656,21.82,22.13,21.56,96.1,96.5,95.7,0.706,187,26.32,1.38,0.01,0,998.7686,"NAN","NAN","NAN",0
"2018-02-28 08:00:00",1657,21.94,22.75,21.56,96.2,96.6,94.5,0.553,171.1,49.24,1.7,0.05,0,999.103,"NAN","NAN","NAN",0
"2018-02-28 09:00:00",1658,23.75,25.17,22.51,88.3,94.9,83.7,1.127,87.3,34.14,2.45,0.23,0,999.4749,"NAN","NAN","NAN",0
"2018-02-28 10:00:00",1659,25.49,26.01,24.73,80.8,84.9,78.28,1.113,25.36,54.46,3.19,0.09,0,999.6495,"NAN","NAN","NAN",0
"2018-02-28 11:00:00",1660,25.72,26.96,24.3,81.5,86.7,77.25,1.151,35.96,52.68,2.86,0.04,0,999.2949,"NAN","NAN","NAN",0
"2018-02-28 12:00:00",1661,26.93,27.63,26.15,76.91,79.76,72.87,1.564,2.863,49.58,4.27,0.03,0,998.5634,"NAN","NAN","NAN",0
"2018-02-28 13:00:00",1662,26.29,27.15,25.34,78.66,82.4,74.3,1.53,353,48.96,4.83,0.07,0,997.7822,"NAN","NAN","NAN",0
"2018-02-28 14:00:00",1663,25.49,25.82,25.2,81.6,84.9,78.95,1.359,2.286,50.48,4.75,0.08,0,996.898,"NAN","NAN","NAN",0
"2018-02-28 15:00:00",1664,25.08,25.49,24.68,84.4,86.5,80.5,0.907,25.07,66.38,2.28,0.01,0,995.8495,"NAN","NAN","NAN",0
"2018-02-28 16:00:00",1665,24.98,25.25,24.58,85.5,87.6,84.1,0.888,72.81,55.1,2.06,0.06,0,995.131,"NAN","NAN","NAN",0
"2018-02-28 19:00:00",1666,23.06,23.26,22.79,95.5,96,95.1,0.499,178.7,32.97,1.18,0.11,0,995.2065,"NAN","NAN","NAN",0
"2018-02-28 20:00:00",1667,23.21,23.45,22.83,95.1,96,94.2,0.631,260.3,55.09,2.05,0.03,0,995.78,"NAN","NAN","NAN",0
"2018-02-28 21:00:00",1668,22.48,22.98,22.22,96.9,97.9,95.6,0.748,207.4,20.41,1.51,0.1,0,996.21,"NAN","NAN","NAN",0
"2018-02-28 22:00:00",1669,22.34,22.51,22.13,97.2,98,95.6,0.836,186.1,41.98,2.88,0.03,0,996.6198,"NAN","NAN","NAN",0
"2018-02-28 23:00:00",1670,22.47,22.8,22.18,94.1,95.9,92.9,0.932,179.3,34.53,3.49,0.04,0,996.6624,"NAN","NAN","NAN",0
"2018-03-01 00:00:00",1671,22.06,22.41,21.65,94.3,96,92.2,0.896,198.3,22.31,2.18,0.05,0,996.4614,"NAN","NAN","NAN",0
"2018-03-01 01:00:00",1672,21.9,22.13,21.65,90.7,93.5,88.3,1.107,201.3,9.98,1.96,0.35,0,995.9548,"NAN","NAN","NAN",0
"2018-03-01 02:00:00",1673,21.73,22.03,21.37,91.5,92.7,89.1,1.008,205.1,13.6,1.66,0.18,0,995.3519,"NAN","NAN","NAN",0
"2018-03-01 03:00:00",1674,21.29,21.65,20.94,90.9,91.9,90,0.737,208.1,38.57,1.58,0.04,0,994.4991,"NAN","NAN","NAN",0
"2018-03-01 04:00:00",1675,22.72,24.46,20.99,80.6,90.8,69.79,1.437,149.2,59.3,6.59,0.06,0,993.7767,"NAN","NAN","NAN",0
"2018-03-01 05:00:00",1676,23.52,24.93,22.08,75.03,84,67.55,1.687,138.6,70.95,5.09,0.07,0,993.4296,"NAN","NAN","NAN",0
"2018-03-01 06:00:00",1677,24.48,25.12,23.6,68.65,73.93,63.98,2.494,132.8,49.73,6.46,0.11,0,993.708,"NAN","NAN","NAN",0
"2018-03-01 07:00:00",1678,24.38,24.7,23.98,73.82,76.41,70.67,3.108,143.7,49.01,7.6,0.09,0,994.0814,"NAN","NAN","NAN",0
"2018-03-01 08:00:00",1679,24.72,25.36,24.22,73.93,75.97,71.76,3.189,122.4,42.17,9.11,0.43,0,994.6305,"NAN","NAN","NAN",0
"2018-03-01 09:00:00",1680,25.81,27.06,24.93,70.74,74.58,64.21,2.491,123.9,53.82,7.16,0.21,0,995.2971,"NAN","NAN","NAN",0
"2018-03-01 10:00:00",1681,27.47,28.2,26.72,65.78,73.89,62.14,1.764,83.5,85,6.6,0.04,0,995.4265,"NAN","NAN","NAN",0
"2018-03-01 11:00:00",1682,28.46,29.48,27.2,63.95,73.04,56.13,1.758,327.8,63.83,4.68,0.19,0,995.2932,"NAN","NAN","NAN",0
"2018-03-01 12:00:00",1683,28.54,29.19,27.72,63.01,69.34,58.74,1.642,50.56,53.53,4.6,0.14,0,995.3279,"NAN","NAN","NAN",0
"2018-03-01 13:00:00",1684,28.86,29.24,28.24,63.43,67.77,59.12,1.437,11.34,42.07,4.15,0.04,0,994.8365,"NAN","NAN","NAN",0
"2018-03-01 14:00:00",1685,28.4,29.15,27.77,71.32,74.26,66.79,1.8,331.8,52.64,4.64,0.06,0,994.5575,"NAN","NAN","NAN",0
"2018-03-01 15:00:00",1686,27.72,28.39,27.15,74.38,76.64,72.39,1.889,303.3,42.47,5.1,0.08,0,994.2333,"NAN","NAN","NAN",0
"2018-03-01 16:00:00",1687,26.96,27.63,26.58,76.78,79.22,73.65,1.614,313.8,44.53,5.25,0.08,0,994.4225,"NAN","NAN","NAN",0
"2018-03-01 17:00:00",1688,26.17,26.91,25.53,80.4,84.2,77.35,1.715,322.2,35.14,4.53,0.15,0,994.9996,"NAN","NAN","NAN",0
"2018-03-01 18:00:00",1689,24.99,25.72,24.3,88.4,92.3,84,0.629,315.8,84.5,3.08,0.01,0,995.8674,"NAN","NAN","NAN",0
"2018-03-01 19:00:00",1690,23.79,24.49,23.3,94.1,95.5,92.3,0.514,264.2,48.68,1.21,0.04,0,996.8583,"NAN","NAN","NAN",0
"2018-03-01 20:00:00",1691,23.91,24.21,23.4,93.9,95.1,92.4,0.964,299.1,60.78,3.11,0.04,0,998.6914,"NAN","NAN","NAN",0
"2018-03-01 21:00:00",1692,23.38,24.02,22.7,94.8,96.6,92.5,0.513,242.4,91.9,1.63,0.02,0,1000.117,"NAN","NAN","NAN",0
"2018-03-01 22:00:00",1693,22.09,22.94,21.65,94,96.6,90.4,0.965,258.1,39.57,3.68,0.07,0,1001.169,"NAN","NAN","NAN",0
"2018-03-01 23:00:00",1694,22.35,22.75,22.03,91,92.7,88.8,1.025,242.2,29.88,3.75,0.15,0,1001.387,"NAN","NAN","NAN",0
"2018-03-02 00:00:00",1695,22.42,22.7,22.18,90.6,91.8,89,1.089,277.1,24.02,2.98,0.26,0,1001.718,"NAN","NAN","NAN",0
"2018-03-02 01:00:00",1696,23.1,23.41,22.41,88.7,90.2,87.6,1.484,283.9,26.49,3.95,0.15,0,1001.793,"NAN","NAN","NAN",0
"2018-03-02 02:00:00",1697,23.48,23.84,23.08,89.2,91.5,86.6,1.275,281.2,31.52,3.86,0.23,0,1001.329,"NAN","NAN","NAN",0
"2018-03-02 03:00:00",1698,23.28,23.55,22.98,89.9,91.5,87.2,1.248,282.9,56.6,4.38,0.16,0,1000.832,"NAN","NAN","NAN",0
"2018-03-02 04:00:00",1699,23.35,23.6,22.94,88.5,91.8,85.4,1.346,322.3,68.27,6.86,0.02,0,1000.777,"NAN","NAN","NAN",0
"2018-03-02 05:00:00",1700,23.43,23.56,23.22,88.2,89.9,85.8,1.539,311.2,48.39,5.45,0.08,0,1000.988,"NAN","NAN","NAN",0
"2018-03-02 06:00:00",1701,23.11,23.56,22.51,92.3,96.7,88.3,2.015,305.6,44.18,7.93,0.04,1.3,1001.501,"NAN","NAN","NAN",0
"2018-03-02 07:00:00",1702,22.34,22.7,22.03,96.1,97.1,95.1,2.247,298.6,47.31,8.33,0.12,0.2,1002.153,"NAN","NAN","NAN",0
"2018-03-02 08:00:00",1703,22.23,22.41,21.99,95.5,96.8,93.9,1.945,309.4,44.41,6.86,0.08,0.7,1003.011,"NAN","NAN","NAN",0
"2018-03-02 09:00:00",1704,21.92,22.13,21.65,96.2,97.6,94.8,1.59,323.5,53.19,5.85,0.08,2.1,1003.835,"NAN","NAN","NAN",0
"2018-03-02 10:00:00",1705,22.05,22.41,21.75,95.6,97.3,93.4,2.041,302.3,41.88,6.57,0.04,0,1004.419,"NAN","NAN","NAN",0
"2018-03-02 11:00:00",1706,22.36,22.6,22.13,93.5,94.8,91.8,1.953,296.3,38.51,5.56,0.13,0.1,1004.81,"NAN","NAN","NAN",0
"2018-03-02 12:00:00",1707,22.15,22.51,21.8,91.4,94.4,86.8,1.993,291.8,31.06,5.67,0.03,0,1004.715,"NAN","NAN","NAN",0
"2018-03-02 13:00:00",1708,23.31,24.36,22.37,82.5,88.4,75.22,2.377,303,40.8,5.88,0.12,0,1004.052,"NAN","NAN","NAN",0
"2018-03-02 14:00:00",1709,23.42,23.92,22.87,85,89.4,80,1.825,297.8,46.11,5.8,0.16,0,1003.338,"NAN","NAN","NAN",0
"2018-03-02 15:00:00",1710,23.36,23.54,23.06,87.8,89.3,86.7,1.717,304.8,55.11,6.55,0.07,0,1002.601,"NAN","NAN","NAN",0
"2018-03-02 16:00:00",1711,23.41,23.82,23.16,88,89.9,86,2.041,298.4,48.78,5.27,0.02,0,1002.117,"NAN","NAN","NAN",0
"2018-03-02 17:00:00",1712,23.21,23.44,22.97,90,91.8,88.2,1.557,300.8,40.94,5.4,0.11,0,1002.024,"NAN","NAN","NAN",0
"2018-03-02 18:00:00",1713,22.87,23.16,22.59,92.6,93.9,91.1,1.23,313.3,52.78,4.1,0.1,0,1002.355,"NAN","NAN","NAN",0
"2018-03-02 19:00:00",1714,22.59,22.79,22.41,94.2,94.8,93.5,1.007,315.8,62.91,3.6,0.03,0,1002.953,"NAN","NAN","NAN",0
"2018-03-02 20:00:00",1715,22.49,22.6,22.32,94.7,95.1,94.3,1.047,303.4,48.22,3.83,0.04,0,1003.458,"NAN","NAN","NAN",0
"2018-03-02 21:00:00",1716,22.46,22.6,22.22,94.5,94.9,94.2,1.191,302.4,48.11,3.78,0.05,0,1004.053,"NAN","NAN","NAN",0
"2018-03-02 22:00:00",1717,22.31,22.6,21.89,94.7,95.1,94.2,1.148,300.3,53.82,3.85,0.06,0,1004.324,"NAN","NAN","NAN",0
"2018-03-02 23:00:00",1718,21.63,22.13,20.99,95,96.2,94.1,0.973,292.8,37.15,4.75,0.03,0,1004.377,"NAN","NAN","NAN",0
"2018-03-03 00:00:00",1719,20.99,21.18,20.8,96.9,97.4,95.9,0.95,273.4,30.06,2.92,0.05,0,1004.323,"NAN","NAN","NAN",0
"2018-03-03 01:00:00",1720,20.93,21.18,20.66,96.9,97.5,96.4,0.99,268.9,29.65,3.57,0.07,0,1004.029,"NAN","NAN","NAN",0
"2018-03-03 02:00:00",1721,20.53,20.89,20.09,96.9,97.2,96.5,1.049,273.1,27.18,2.79,0.03,0,1003.504,"NAN","NAN","NAN",0
"2018-03-03 03:00:00",1722,19.98,20.28,19.71,97.2,97.5,96.7,1.08,262.8,22.27,3.89,0.04,0,1002.963,"NAN","NAN","NAN",0
"2018-03-03 04:00:00",1723,19.71,19.95,19.52,97.6,97.9,97.3,1.06,262.8,25.7,2.6,0.2,0,1002.773,"NAN","NAN","NAN",0
"2018-03-03 05:00:00",1724,19.91,20.52,19.38,97.8,98.3,97.4,0.961,256.6,30.43,3.18,0.04,0,1003.092,"NAN","NAN","NAN",0
"2018-03-03 06:00:00",1725,20.34,20.61,19.94,97.1,98.2,96.6,1.303,269.2,23.02,3.42,0.2,0,1003.133,"NAN","NAN","NAN",0
"2018-03-03 07:00:00",1726,20.03,20.42,19.75,97.2,97.5,96.6,1.264,270.3,27.12,2.98,0.13,0,1003.417,"NAN","NAN","NAN",0
"2018-03-03 08:00:00",1727,21.07,22.03,20.23,96.4,97.1,94.3,0.989,281,32.07,2.8,0.1,0,1003.988,"NAN","NAN","NAN",0
"2018-03-03 09:00:00",1728,22.57,23.17,21.84,91.4,94.6,86,0.867,312.1,33.54,2.26,0.08,0,1004.773,"NAN","NAN","NAN",0
"2018-03-03 10:00:00",1729,24.19,25.44,23.03,80.8,88.9,73.01,1.444,333.9,57.02,3.72,0.13,0,1004.832,"NAN","NAN","NAN",0
"2018-03-03 11:00:00",1730,25.5,25.82,25.2,73.44,78,69.44,1.831,17.13,41.43,4.67,0.1,0,1004.669,"NAN","NAN","NAN",0
"2018-03-03 12:00:00",1731,25.72,26.3,25.11,71.1,75.04,68.39,1.699,5.437,50.51,4.74,0.16,0,1004.1,"NAN","NAN","NAN",0
"2018-03-03 13:00:00",1732,26.05,26.68,25.53,69.74,73.01,65.67,1.667,351.9,51.76,3.94,0.07,0,1003.276,"NAN","NAN","NAN",0
"2018-03-03 14:00:00",1733,25.98,26.58,25.39,70.54,74.8,67.06,1.707,352,53.1,4.6,0.17,0,1002.36,"NAN","NAN","NAN",0
"2018-03-03 15:00:00",1734,26.04,26.58,25.49,64.53,70.56,57.93,1.331,1.432,45.61,4.31,0.07,0,1001.511,"NAN","NAN","NAN",0
"2018-03-03 16:00:00",1735,25.1,25.92,24.58,73,76.23,64.82,1.225,9.33,52.03,3.86,0.01,0,1001.058,"NAN","NAN","NAN",0
"2018-03-03 17:00:00",1736,24.33,24.87,23.54,77.89,80.7,74.5,1.141,22.4,47.62,3.03,0.11,0,1000.963,"NAN","NAN","NAN",0
"2018-03-03 18:00:00",1737,22.85,23.73,22.17,87.8,91.3,80.6,0.557,291.4,61.13,1.73,0.07,0,1001.187,"NAN","NAN","NAN",0
"2018-03-03 19:00:00",1738,21.7,22.41,21.08,92.4,93.9,90.9,0.79,231.9,13.02,1.36,0.22,0,1001.551,"NAN","NAN","NAN",0
"2018-03-03 20:00:00",1739,20.81,21.27,20.42,93.9,94.6,93.2,0.742,210.2,25.18,1.44,0.18,0,1001.947,"NAN","NAN","NAN",0
"2018-03-03 21:00:00",1740,20.94,21.32,20.47,93.4,94.6,92.5,0.755,200.6,22.53,1.82,0.03,0,1002.563,"NAN","NAN","NAN",0
"2018-03-03 22:00:00",1741,21.12,21.37,20.85,93.2,93.9,92,0.798,223.5,22,1.42,0.16,0,1002.602,"NAN","NAN","NAN",0
"2018-03-03 23:00:00",1742,21.2,21.37,21.04,92.9,93.7,91.7,0.839,209.3,36.38,2.14,0.05,0,1002.412,"NAN","NAN","NAN",0
"2018-03-04 00:00:00",1743,21.14,21.27,20.89,93,93.9,91.6,0.81,232.3,11.91,1.43,0.23,0,1002.218,"NAN","NAN","NAN",0
"2018-03-04 01:00:00",1744,21.21,21.46,20.94,94.5,96,92.5,0.782,222.8,13.39,1.22,0.16,0,1002.011,"NAN","NAN","NAN",0
"2018-03-04 02:00:00",1745,20.26,21.37,19.75,93.7,96.5,92.1,0.98,236.6,12.98,1.49,0.16,0,1001.679,"NAN","NAN","NAN",0
"2018-03-04 03:00:00",1746,20.6,20.99,19.85,95.8,97.2,93.5,0.83,226.7,11.08,1.33,0.29,0,1001.208,"NAN","NAN","NAN",0
"2018-03-04 04:00:00",1747,20.92,21.18,20.7,96.4,97.1,94.9,0.923,217.6,24.84,2.94,0.05,0,1000.919,"NAN","NAN","NAN",0
"2018-03-04 05:00:00",1748,20.76,21.18,20.37,95.3,96,94.7,0.817,232,25.52,2.08,0.03,0,1000.878,"NAN","NAN","NAN",0
"2018-03-04 06:00:00",1749,20.37,20.61,20.13,95.8,96.3,95.3,0.988,230.1,17.6,2.41,0.22,0,1000.822,"NAN","NAN","NAN",0
"2018-03-04 07:00:00",1750,20.34,20.52,20.13,96.9,97.7,95.9,0.885,229.1,24.92,1.66,0.08,0,1001.002,"NAN","NAN","NAN",0
"2018-03-04 08:00:00",1751,20.85,21.61,20.33,97.4,97.8,96.7,0.639,218.7,23.47,1.29,0.22,0,1001.768,"NAN","NAN","NAN",0
"2018-03-04 09:00:00",1752,22.9,25.22,21.42,91.7,96.8,79.03,0.453,224.5,91.7,1.37,0.02,0,1002.344,"NAN","NAN","NAN",0
"2018-03-04 10:00:00",1753,25.31,25.92,24.5,79.91,85.1,75.01,1.018,57.83,53.73,3.08,0.16,0,1002.634,"NAN","NAN","NAN",0
"2018-03-04 11:00:00",1754,26.18,27.34,25.2,75.08,83.6,67.1,1.058,90,61.99,2.95,0.05,0,1002.189,"NAN","NAN","NAN",0
"2018-03-04 12:00:00",1755,27.54,28.01,26.63,70.95,74.94,66.25,1.341,57.88,50.1,3.85,0.07,0,1001.229,"NAN","NAN","NAN",0
"2018-03-04 13:00:00",1756,28.03,28.38,27.62,68.14,73.41,63.5,1.385,46.07,46.03,4.09,0.06,0,1000.161,"NAN","NAN","NAN",0
"2018-03-04 14:00:00",1757,27.03,28.05,25.82,72.94,78.27,66.04,1.391,69.33,46.36,4.44,0.06,0,999.3425,"NAN","NAN","NAN",0
"2018-03-04 15:00:00",1758,26.86,27.82,26.25,67.3,71.71,62.89,1.259,79.24,41.06,3.13,0.14,0,998.2077,"NAN","NAN","NAN",0
"2018-03-04 16:00:00",1759,25.98,26.77,25.3,78.46,82.2,66.38,1.217,29.42,51.13,3.86,0.03,0,997.5654,"NAN","NAN","NAN",0
"2018-03-04 17:00:00",1760,24.91,25.49,24.2,84.2,87.8,80.3,0.917,15.5,45.28,2.44,0.04,0,997.3871,"NAN","NAN","NAN",0
"2018-03-04 18:00:00",1761,23.96,24.54,23.3,90,92.9,87.5,0.44,109.6,87.1,1.67,0.05,0,997.6025,"NAN","NAN","NAN",0
"2018-03-04 19:00:00",1762,22.98,23.54,22.51,94.5,95.7,92.8,0.512,181.8,33.93,1.1,0.01,0,997.9626,"NAN","NAN","NAN",0
"2018-03-04 20:00:00",1763,22.91,23.17,22.51,95.5,95.9,95.1,0.367,188.9,31.68,0.81,0.02,0,998.7597,"NAN","NAN","NAN",0
"2018-03-04 21:00:00",1764,23.24,23.46,22.98,95.3,95.8,94.8,0.363,153,57.44,1.42,0.02,0,999.875,"NAN","NAN","NAN",0
"2018-03-04 22:00:00",1765,23.18,23.36,22.98,95.9,96.3,95.2,0.445,181,32.11,1.58,0.02,0,1000.468,"NAN","NAN","NAN",0
"2018-03-04 23:00:00",1766,23.28,23.46,22.98,94.1,96,93.2,1.02,153,31.28,2.86,0.08,0,1000.474,"NAN","NAN","NAN",0
"2018-03-05 00:00:00",1767,23.15,23.37,22.8,93.8,94.5,93,1.276,165.3,35.72,3.07,0.08,0,1000.056,"NAN","NAN","NAN",0
"2018-03-05 01:00:00",1768,22.13,22.99,21.18,94,95.2,93.2,0.903,179.1,32.42,2.84,0.07,0,999.1765,"NAN","NAN","NAN",0
"2018-03-05 02:00:00",1769,21.25,21.42,21.04,92.9,94.3,91.7,0.767,185.9,21.82,1.76,0.19,0,998.3777,"NAN","NAN","NAN",0
"2018-03-05 03:00:00",1770,21.15,21.37,20.89,94.5,95.2,93.6,0.806,215.2,17.09,1.43,0.19,0,997.8749,"NAN","NAN","NAN",0
"2018-03-05 04:00:00",1771,21.01,21.18,20.7,93.6,95.2,89.8,0.924,194.1,22.11,2,0.11,0,997.5573,"NAN","NAN","NAN",0
"2018-03-05 05:00:00",1772,20.8,21.18,20.37,91.2,93.4,88.9,0.804,188.2,23.32,1.36,0.23,0,997.1365,"NAN","NAN","NAN",0
"2018-03-05 06:00:00",1773,20.98,21.37,20.56,90.9,92.9,89.2,1.048,172.5,28.73,2.37,0.2,0,997.2412,"NAN","NAN","NAN",0
"2018-03-05 07:00:00",1774,21.03,21.28,20.75,95,96.5,92.7,0.751,204.2,42.37,2.07,0.04,0,997.3624,"NAN","NAN","NAN",0
"2018-03-05 08:00:00",1775,21.29,22.22,20.7,95.7,96.4,93.9,0.462,272.9,66.08,1.1,0.03,0,997.7171,"NAN","NAN","NAN",0
"2018-03-05 09:00:00",1776,23.36,24.89,22.08,86.6,94.1,77.33,0.503,24.03,63.49,1.85,0.02,0,998.282,"NAN","NAN","NAN",0
"2018-03-05 10:00:00",1777,25.41,25.96,24.55,78.47,83.4,75.36,1.064,51.69,63.55,3.13,0.04,0,998.6653,"NAN","NAN","NAN",0
"2018-03-05 11:00:00",1778,26.17,27.06,24.92,78.39,84.4,73.45,1.421,62.86,44.15,3.35,0.07,0,998.5257,"NAN","NAN","NAN",0
"2018-03-05 12:00:00",1779,27.12,27.82,26.58,73.9,76.81,69.34,1.428,57.02,44.28,3.19,0.02,0,997.9213,"NAN","NAN","NAN",0
"2018-03-05 13:00:00",1780,26.95,27.72,26.2,76.47,79.86,68.83,1.496,11.89,46.12,4.45,0.09,0,996.9823,"NAN","NAN","NAN",0
"2018-03-05 14:00:00",1781,27.65,28.29,26.96,73.61,76.67,70.46,1.361,16.27,40.57,3.47,0.06,0,996.1354,"NAN","NAN","NAN",0
"2018-03-05 15:00:00",1782,27.17,28.1,26.44,72.42,77.15,66.86,1.321,73.63,53.89,3.59,0.06,0,995.2438,"NAN","NAN","NAN",0
"2018-03-05 16:00:00",1783,26.02,26.77,25.44,77.47,80.4,73.04,1.568,105.8,33.16,4.29,0.13,0,994.5256,"NAN","NAN","NAN",0
"2018-03-05 17:00:00",1784,25.01,25.72,24.39,81.9,85,78.34,1.204,107.6,34.12,3.67,0.2,0,994.2842,"NAN","NAN","NAN",0
"2018-03-05 18:00:00",1785,23.8,24.49,23.31,89,92.3,84.2,0.854,143.9,36.65,2.66,0.07,0,994.6864,"NAN","NAN","NAN",0
"2018-03-05 19:00:00",1786,23.39,23.65,23.17,93.4,94.3,92.1,0.651,155.2,53.46,1.84,0.02,0,995.2831,"NAN","NAN","NAN",0
"2018-03-05 20:00:00",1787,23.53,23.74,23.31,93.4,94.3,92.3,0.667,152.8,46.5,1.77,0.01,0,995.7872,"NAN","NAN","NAN",0
"2018-03-05 21:00:00",1788,22.67,23.55,21.8,95,96.2,93,0.699,205.6,34.43,2.13,0.1,0,996.2849,"NAN","NAN","NAN",0
"2018-03-05 22:00:00",1789,21.75,22.03,21.42,94.8,95.6,94,0.715,186.9,38.96,1.7,0.06,0,996.7136,"NAN","NAN","NAN",0
"2018-03-05 23:00:00",1790,21.36,21.56,21.13,93.8,95.2,92.6,0.938,221.1,17.06,1.7,0.26,0,996.8528,"NAN","NAN","NAN",0
"2018-03-06 00:00:00",1791,21.28,21.47,21.08,92.9,93.9,91.9,1.013,219.7,9.66,1.64,0.33,0,996.5376,"NAN","NAN","NAN",0
"2018-03-06 01:00:00",1792,21.28,21.46,21.09,92.6,93.2,91.9,0.911,214.7,16.04,1.59,0.08,0,995.9075,"NAN","NAN","NAN",0
"2018-03-06 02:00:00",1793,21.07,21.28,20.8,92.1,92.8,91,0.889,214.3,20.33,1.73,0.09,0,995.3677,"NAN","NAN","NAN",0
"2018-03-06 03:00:00",1794,21.09,21.27,20.89,90.7,92.2,89.2,0.896,216.7,14.46,1.4,0.13,0,994.8965,"NAN","NAN","NAN",0
"2018-03-06 04:00:00",1795,21.11,21.32,20.89,89.7,90.8,88.5,0.862,218.7,21.88,1.48,0.02,0,994.9413,"NAN","NAN","NAN",0
"2018-03-06 05:00:00",1796,20.84,21.13,20.51,89.8,91.2,88.5,0.814,226.3,19.51,1.69,0.01,0,995.3859,"NAN","NAN","NAN",0
"2018-03-06 06:00:00",1797,20.9,21.47,20.51,91.9,94,89.3,0.927,219.6,27.64,1.74,0.24,0,995.9814,"NAN","NAN","NAN",0
"2018-03-06 07:00:00",1798,21.87,22.13,21.28,95.1,96.1,93.1,0.801,178.8,28.85,1.85,0.15,0,996.4526,"NAN","NAN","NAN",0
"2018-03-06 08:00:00",1799,22.28,22.99,21.84,95.9,96.4,95.2,0.593,148.2,52.34,1.74,0.03,0,997.0654,"NAN","NAN","NAN",0
"2018-03-06 09:00:00",1800,23.77,24.79,22.8,89.8,95.2,84.5,1.039,112.1,32.18,2.44,0.15,0,997.5314,"NAN","NAN","NAN",0
"2018-03-06 10:00:00",1801,25.06,25.54,24.5,85.5,87.8,83.2,1.147,75.11,44.72,3.72,0.16,0,997.8831,"NAN","NAN","NAN",0
"2018-03-06 11:00:00",1802,25.96,26.96,25.11,81.3,86.2,76.71,1.362,66.88,45.7,4.46,0.16,0,997.7369,"NAN","NAN","NAN",0
"2018-03-06 12:00:00",1803,27.49,28.39,26.77,77.03,80.1,73.31,1.262,49.88,49.02,3.95,0.02,0,997.0524,"NAN","NAN","NAN",0
"2018-03-06 13:00:00",1804,27.67,28.29,27.05,77.32,79.76,74.26,1.367,6.889,42.84,4.06,0.06,0,996.3375,"NAN","NAN","NAN",0
"2018-03-06 14:00:00",1805,27.52,28.58,26.53,77.77,81.6,73.58,1.539,352.8,47.62,4,0.09,0,995.5144,"NAN","NAN","NAN",0
"2018-03-06 15:00:00",1806,26.57,27.06,26.01,80.6,82.9,78.34,1.599,349,55.21,5.42,0.1,0,994.9257,"NAN","NAN","NAN",0
"2018-03-06 16:00:00",1807,25.47,26.39,24.96,84.6,86.8,80.6,1.22,356.8,56.49,4.07,0.03,0,994.4514,"NAN","NAN","NAN",0
"2018-03-06 17:00:00",1808,25.07,25.44,24.77,86.5,88.1,84.7,1.067,4.262,44.64,2.59,0.05,0,994.391,"NAN","NAN","NAN",0
"2018-03-06 18:00:00",1809,24.49,25.15,23.92,87.8,90.1,85.8,1.02,347.2,42.07,2.66,0.05,0,994.7149,"NAN","NAN","NAN",0
"2018-03-06 19:00:00",1810,23.95,24.2,23.59,90.7,91.7,89.8,0.608,9.61,66.82,2.07,0.03,0,995.2388,"NAN","NAN","NAN",0
"2018-03-06 20:00:00",1811,23.62,23.83,23.4,91.7,92.3,90.9,0.594,341,53.77,2.15,0.01,0,996.1016,"NAN","NAN","NAN",0
"2018-03-06 21:00:00",1812,23.11,23.64,22.46,92.7,95,90.7,0.552,264.3,40.36,1.88,0.03,0,997.126,"NAN","NAN","NAN",0
"2018-03-06 22:00:00",1813,22.26,22.65,21.99,96.1,97,94.9,0.536,213.8,15.61,1.03,0.04,0,997.9108,"NAN","NAN","NAN",0
"2018-03-06 23:00:00",1814,21.89,22.32,21.32,96.6,97.1,96.1,0.821,221.6,13.69,1.47,0.32,0,998.6354,"NAN","NAN","NAN",0
"2018-03-07 00:00:00",1815,21.25,21.51,20.99,96.6,97.1,96.2,0.72,229.3,17.86,1.46,0.02,0,998.7563,"NAN","NAN","NAN",0
"2018-03-07 01:00:00",1816,21.14,21.47,20.89,96.7,97.1,96.2,0.972,224.8,10.47,1.6,0.28,0,998.88,"NAN","NAN","NAN",0
"2018-03-07 02:00:00",1817,21.37,21.65,21.08,96.6,96.9,96.2,0.959,228.1,7.516,1.34,0.49,0,998.7413,"NAN","NAN","NAN",0
"2018-03-07 03:00:00",1818,21.09,21.27,20.89,96.9,97.3,96.4,0.91,230.7,9.2,1.73,0.41,0,998.4634,"NAN","NAN","NAN",0
"2018-03-07 04:00:00",1819,21.05,21.37,20.8,97.1,97.4,96.8,0.852,235.1,14.86,2.01,0.2,0,998.5311,"NAN","NAN","NAN",0
"2018-03-07 05:00:00",1820,21.35,21.61,21.08,96.7,97.4,96.1,1.147,237.6,20.55,2.58,0.34,0,998.9442,"NAN","NAN","NAN",0
"2018-03-07 06:00:00",1821,21.41,21.65,21.08,96,96.5,95.3,0.732,221.1,27.78,1.78,0.12,0,999.0887,"NAN","NAN","NAN",0
"2018-03-07 07:00:00",1822,21.5,21.84,21.08,96,96.5,95.5,0.561,235.2,34.78,1.58,0.02,0,1000.002,"NAN","NAN","NAN",0
"2018-03-07 08:00:00",1823,22.32,23.08,21.65,96.5,97.1,95.1,0.533,242.1,58.13,2.03,0.03,0,1000.879,"NAN","NAN","NAN",0
"2018-03-07 09:00:00",1824,23.74,24.22,22.94,91.6,95.5,89.6,0.606,359.2,75.93,1.61,0.03,0,1001.474,"NAN","NAN","NAN",0
"2018-03-07 10:00:00",1825,24.35,24.82,23.78,88.5,90.9,85.9,1.04,349.7,50.97,3.72,0.05,0,1002.041,"NAN","NAN","NAN",0
"2018-03-07 11:00:00",1826,24.41,25.25,24.01,88.2,91,85,1.486,37.03,56.86,4.55,0.04,0,1002.621,"NAN","NAN","NAN",0
"2018-03-07 12:00:00",1827,25.31,26.3,24.54,83.7,88.5,79.19,1.607,3.582,53.04,4.34,0.1,0,1002.861,"NAN","NAN","NAN",0
"2018-03-07 13:00:00",1828,25.44,26.39,24.82,80.1,83,75.48,1.438,359.8,50.17,3.38,0.02,0,1002.41,"NAN","NAN","NAN",0
"2018-03-07 14:00:00",1829,23.19,25.15,21.26,89.4,96.4,80.6,2.438,312.8,53.87,10.6,0.16,1.3,1002.349,"NAN","NAN","NAN",0
"2018-03-07 15:00:00",1830,21.09,21.45,20.84,95.4,97,92.8,2.845,298,42.23,8.67,0.13,0.1,1002.469,"NAN","NAN","NAN",0
"2018-03-07 16:00:00",1831,21.14,21.32,20.89,91.6,93.8,89.6,3.135,298.8,34.99,9.28,0.15,0,1002.262,"NAN","NAN","NAN",0
"2018-03-07 17:00:00",1832,21.23,21.46,20.99,88.4,89.8,87,2.782,297.6,40.12,8.44,0.12,0,1002.614,"NAN","NAN","NAN",0
"2018-03-07 18:00:00",1833,21,21.28,20.8,88.8,90.1,87.5,2.872,299.8,39.63,8.5,0.26,0,1003.174,"NAN","NAN","NAN",0
"2018-03-07 19:00:00",1834,20.8,21.08,20.47,87.7,88.8,86.4,2.866,297.3,46.48,8.99,0.14,0,1003.738,"NAN","NAN","NAN",0
"2018-03-07 20:00:00",1835,20.43,20.7,20.13,88,88.9,87.2,2.456,297.6,33.9,6.72,0.21,0,1004.158,"NAN","NAN","NAN",0
"2018-03-07 21:00:00",1836,20.18,20.33,19.99,89.6,90.6,88.4,2.344,291.3,25.4,5.25,0.48,0,1004.245,"NAN","NAN","NAN",0
"2018-03-07 22:00:00",1837,20.12,20.37,19.75,91.5,94.2,89.6,2.236,293,27.24,5.56,0.11,0,1004.555,"NAN","NAN","NAN",0
"2018-03-07 23:00:00",1838,20,20.33,19.75,92.2,94.2,90.3,2.173,295,29.07,5.29,0.21,0,1004.422,"NAN","NAN","NAN",0
"2018-03-08 00:00:00",1839,20.26,20.42,20.04,90.1,90.9,89.5,1.811,298.9,39.8,5.51,0.18,0,1004.163,"NAN","NAN","NAN",0
"2018-03-08 01:00:00",1840,20.23,20.38,20.04,90.3,91.3,89.4,1.498,297.3,40.26,4.87,0.11,0,1003.885,"NAN","NAN","NAN",0
"2018-03-08 02:00:00",1841,20.2,20.33,19.99,90.5,92,89.7,1.947,290.6,38.2,5.97,0.1,0,1003.391,"NAN","NAN","NAN",0
"2018-03-08 03:00:00",1842,19.96,20.23,19.47,91.3,92.9,89.7,1.49,295,45.9,4.27,0.02,0,1002.504,"NAN","NAN","NAN",0
"2018-03-08 04:00:00",1843,19.85,20.14,19.52,92.5,93.5,91.5,1.751,294.4,34,5.02,0.1,0.1,1002.256,"NAN","NAN","NAN",0
"2018-03-08 05:00:00",1844,19.97,20.14,19.8,95.4,96.9,93.2,1.645,287.7,42.18,6.16,0.19,0.5,1002.336,"NAN","NAN","NAN",0
"2018-03-08 06:00:00",1845,20.09,20.24,19.94,95.4,96.3,94.9,2.215,288.8,32.29,5.47,0.14,0,1002.754,"NAN","NAN","NAN",0
"2018-03-08 07:00:00",1846,19.99,20.14,19.76,94.9,95.4,94.5,1.846,290.5,28.69,5.45,0.15,0,1003.184,"NAN","NAN","NAN",0
"2018-03-08 08:00:00",1847,20.43,20.99,19.85,93.1,94.8,91,1.515,300.5,47.74,4.52,0.14,0,1003.549,"NAN","NAN","NAN",0
"2018-03-08 09:00:00",1848,21.28,21.75,20.75,89.4,92.1,87.3,1.535,316.4,47.21,4.08,0.06,0.3,1004.008,"NAN","NAN","NAN",0
"2018-03-08 10:00:00",1849,21.61,22.5,20.51,90.1,94.5,84.8,1.98,298.5,47.84,5.45,0.13,0.1,1003.894,"NAN","NAN","NAN",0
"2018-03-08 11:00:00",1850,23.05,23.82,22.26,82.6,87,78.78,2.081,317.6,52.93,6.59,0.17,0,1003.804,"NAN","NAN","NAN",0
"2018-03-08 12:00:00",1851,23.12,23.63,22.68,82.7,85.5,80.2,1.92,330.1,57.89,7.36,0.1,0,1003.452,"NAN","NAN","NAN",0
"2018-03-08 13:00:00",1852,23.38,23.92,22.83,81.5,83.3,78.54,1.772,326.6,60.72,5.91,0.03,0,1002.695,"NAN","NAN","NAN",0
"2018-03-08 14:00:00",1853,22.92,23.35,22.35,82.9,85.4,80.9,2.025,319.6,52.42,7,0.13,0,1002.042,"NAN","NAN","NAN",0
"2018-03-08 15:00:00",1854,22.66,23.16,22.25,83.9,85.4,82.2,2.008,309.8,58.67,7.36,0.03,0,1001.319,"NAN","NAN","NAN",0
"2018-03-08 16:00:00",1855,22.5,22.92,22.06,83.2,85,81.2,2.03,315.1,51.17,7.92,0.18,0,1000.862,"NAN","NAN","NAN",0
"2018-03-08 17:00:00",1856,21.92,22.44,21.45,85.5,87.4,84,1.568,309.7,52.13,5.39,0.05,0,1000.729,"NAN","NAN","NAN",0
"2018-03-08 18:00:00",1857,21.46,21.74,21.18,87.5,88.8,85.6,1.321,311.6,50.93,4.13,0.02,0,1000.926,"NAN","NAN","NAN",0
"2018-03-08 19:00:00",1858,20.95,21.37,20.37,90.3,92.8,88.3,1.173,278.6,27.68,2.73,0.03,0,1001.066,"NAN","NAN","NAN",0
"2018-03-08 20:00:00",1859,20.39,20.56,20.18,93.4,94.2,92.4,0.944,270.8,27.01,2.73,0.1,0,1001.521,"NAN","NAN","NAN",0
"2018-03-08 21:00:00",1860,19.89,20.42,19.52,95.2,96.4,93.8,0.762,241.9,39.19,1.77,0.06,0,1002.005,"NAN","NAN","NAN",0
"2018-03-08 22:00:00",1861,19.5,19.76,19.19,96.6,97.1,96.1,0.625,230.8,29.03,2.03,0.02,0,1002.396,"NAN","NAN","NAN",0
"2018-03-08 23:00:00",1862,19.33,19.57,19.14,97.1,97.4,96.8,0.611,225.9,32.92,1.68,0.13,0,1002.391,"NAN","NAN","NAN",0
"2018-03-09 00:00:00",1863,19.23,19.57,19,96.7,97.1,96.3,0.784,201.5,37.03,1.81,0.09,0,1001.76,"NAN","NAN","NAN",0
"2018-03-09 01:00:00",1864,19.08,19.29,18.86,96.9,97.3,96.5,1.109,231.8,30.98,2.33,0.23,0,1000.967,"NAN","NAN","NAN",0
"2018-03-09 02:00:00",1865,19.08,19.29,18.86,97,97.5,96.2,1.297,241.7,11.56,2.5,0.51,0,1000.242,"NAN","NAN","NAN",0
"2018-03-09 03:00:00",1866,19.24,19.39,18.96,96.7,97.1,96.5,1.011,245.7,11.27,1.78,0.21,0,999.6163,"NAN","NAN","NAN",0
"2018-03-09 04:00:00",1867,19.49,19.76,19.19,96.6,96.9,95.9,0.565,202.6,46.92,1.3,0.08,0,999.1663,"NAN","NAN","NAN",0
"2018-03-09 05:00:00",1868,19.58,19.76,19.42,95.9,96.5,95.5,0.594,177.5,46.28,1.7,0.02,0,998.9365,"NAN","NAN","NAN",0
"2018-03-09 06:00:00",1869,19.31,19.66,18.9,96,96.5,95.4,0.766,209.5,35.46,1.71,0.11,0,998.914,"NAN","NAN","NAN",0
"2018-03-09 07:00:00",1870,19.2,19.48,18.85,96.5,96.8,96,0.853,229.2,17.38,1.4,0.26,0,999.3668,"NAN","NAN","NAN",0
"2018-03-09 08:00:00",1871,19.63,20.42,19.19,96.4,96.7,96,0.483,212.7,35.91,1.23,0.01,0,999.4835,"NAN","NAN","NAN",0
"2018-03-09 09:00:00",1872,21.18,21.89,20.23,91.8,96.2,86.4,0.505,105.1,33.93,1.6,0,0,999.7928,"NAN","NAN","NAN",0
"2018-03-09 10:00:00",1873,22.17,23.27,21.27,87.3,92.2,81.3,0.563,335.8,62.51,1.87,0.01,0,999.9679,"NAN","NAN","NAN",0
"2018-03-09 11:00:00",1874,23.78,24.2,22.97,81.4,83.9,78.34,0.907,17.39,65.6,2.45,0.02,0,999.6751,"NAN","NAN","NAN",0
"2018-03-09 12:00:00",1875,24.92,25.96,23.87,78.96,83.5,74.6,1.318,357.5,48.75,3.14,0.11,0,998.8743,"NAN","NAN","NAN",0
"2018-03-09 13:00:00",1876,25.54,26.58,24.01,77.55,82.5,72.9,1.778,15.79,48.57,4.91,0.09,0,997.8616,"NAN","NAN","NAN",0
"2018-03-09 14:00:00",1877,23.95,24.49,23.35,82.4,84.8,80,1.737,347.5,44.51,4.15,0.08,0,997.2079,"NAN","NAN","NAN",0
"2018-03-09 15:00:00",1878,23.55,23.82,23.16,83.7,85.6,82,1.084,19.14,47.94,3.81,0.05,0,996.1587,"NAN","NAN","NAN",0
"2018-03-09 16:00:00",1879,23.28,23.82,22.68,84,87.3,81.3,1.143,72.44,52.14,3.4,0.09,0,995.2213,"NAN","NAN","NAN",0
"2018-03-09 17:00:00",1880,23.16,23.54,22.83,85.4,87.1,83.5,0.844,89.4,44.24,2.56,0.03,0,994.8094,"NAN","NAN","NAN",0
"2018-03-09 18:00:00",1881,22.82,23.16,22.4,88.4,91.1,86.3,0.763,118.2,58.42,2.62,0.02,0,994.5981,"NAN","NAN","NAN",0
"2018-03-09 19:00:00",1882,22.46,22.78,22.27,90.3,91,89.6,1.082,151.1,30.51,2.05,0.07,0,994.7628,"NAN","NAN","NAN",0
"2018-03-09 20:00:00",1883,21.85,22.51,21.18,93.3,95.8,90,0.58,206.6,34.63,1.51,0.04,0,995.2383,"NAN","NAN","NAN",0
"2018-03-09 21:00:00",1884,21.11,21.46,20.8,96.3,96.8,95.6,0.747,232.5,14.7,1.81,0.04,0,995.7914,"NAN","NAN","NAN",0
"2018-03-09 22:00:00",1885,20.79,20.99,20.61,97.1,97.8,96.4,0.722,194.3,38.61,3.09,0.08,0,996.3864,"NAN","NAN","NAN",0
"2018-03-09 23:00:00",1886,20.74,21.08,20.47,97.5,97.9,97.1,0.756,205.7,53.52,2.74,0.11,0,996.4838,"NAN","NAN","NAN",0
"2018-03-10 00:00:00",1887,20.75,20.99,20.47,97.8,98.1,97.5,0.712,210.4,30.42,1.62,0.04,0,996.4008,"NAN","NAN","NAN",0
"2018-03-10 01:00:00",1888,20.98,21.18,20.75,97.3,97.9,96.8,0.713,180.3,51.89,1.84,0.02,0,996.0399,"NAN","NAN","NAN",0
"2018-03-10 02:00:00",1889,21.06,21.27,20.89,96.1,97.1,95.3,0.656,187.6,57.75,2.16,0.08,0,995.0856,"NAN","NAN","NAN",0
"2018-03-10 03:00:00",1890,21.83,22.6,20.89,90.1,96.3,84.7,1.966,154.1,46.51,5.62,0.15,0,993.1646,"NAN","NAN","NAN",0
"2018-03-10 04:00:00",1891,21.97,23.18,20.89,87.6,94.3,78.08,1.266,178.7,54.7,4.49,0.05,0,992.7676,"NAN","NAN","NAN",0
"2018-03-10 05:00:00",1892,21.7,22.84,20.94,85,89.9,79.5,0.773,186.5,54.55,2.32,0.05,0,992.9969,"NAN","NAN","NAN",0
"2018-03-10 06:00:00",1893,20.63,21.04,20.18,91.8,93.6,89.8,0.7,184.1,36.58,1.74,0.14,0,993.2944,"NAN","NAN","NAN",0
"2018-03-10 07:00:00",1894,20.5,20.8,20.18,95.7,96.7,93.2,0.9,235.4,23.61,2.22,0.24,0,993.7928,"NAN","NAN","NAN",0
"2018-03-10 08:00:00",1895,21.12,22.22,20.18,95.9,97,94.7,1.191,311.8,55.31,4.47,0.06,0,994.5251,"NAN","NAN","NAN",0
"2018-03-10 09:00:00",1896,23.12,24.32,22.03,91.5,95.1,87.1,0.672,29.13,53.33,2.22,0.02,0,994.8425,"NAN","NAN","NAN",0
"2018-03-10 10:00:00",1897,25.13,25.87,24.27,83.9,87.7,79.59,1.526,344.5,43.67,3.81,0.12,0,995.198,"NAN","NAN","NAN",0
"2018-03-10 11:00:00",1898,26.03,26.39,25.58,80.2,82.2,78.17,1.623,357.6,48.3,4.36,0.07,0,995.0577,"NAN","NAN","NAN",0
"2018-03-10 12:00:00",1899,25.87,26.58,25.44,81.3,84,77.38,1.245,14.15,49.64,4.75,0.06,0,994.0948,"NAN","NAN","NAN",0
"2018-03-10 13:00:00",1900,26.37,26.96,25.49,81,83.3,77.83,1.29,23.86,48.83,3.95,0.03,0,992.7004,"NAN","NAN","NAN",0
"2018-03-10 14:00:00",1901,25.36,26.34,24.82,83.7,86.2,80.6,1.557,335.7,44.48,4.72,0.11,0,992.6677,"NAN","NAN","NAN",0
"2018-03-10 15:00:00",1902,24.84,25.44,24.35,85.8,88.3,82.8,1.164,319.9,54.41,4.03,0.04,0,992.4774,"NAN","NAN","NAN",0
"2018-03-10 16:00:00",1903,25.09,25.68,24.63,85.5,87.4,83.6,0.842,328.5,73.8,2.3,0.03,0,992.0107,"NAN","NAN","NAN",0
"2018-03-10 17:00:00",1904,25.27,25.92,24.35,84.3,87.7,80.2,0.782,339.8,61.56,2.32,0.01,0,991.6208,"NAN","NAN","NAN",0
"2018-03-10 18:00:00",1905,23.73,24.49,23.02,87.3,90.5,82.1,0.541,255.8,58.44,1.69,0.04,0,991.9213,"NAN","NAN","NAN",0
"2018-03-10 19:00:00",1906,22.48,23.16,21.84,91.6,93.5,88.6,0.756,218.7,24.38,1.93,0.23,0,992.4256,"NAN","NAN","NAN",0
"2018-03-10 20:00:00",1907,21.82,22.03,21.56,93.8,94.9,93,0.674,220.4,33.26,2.08,0.04,0,993.1786,"NAN","NAN","NAN",0
"2018-03-10 21:00:00",1908,21.65,21.94,21.27,94,95,92.3,0.762,169.8,25.02,2.2,0.04,0,993.3411,"NAN","NAN","NAN",0
"2018-03-10 22:00:00",1909,21.69,21.94,21.51,96.2,97.6,94.2,0.64,194.1,42.57,1.71,0.01,0,993.5613,"NAN","NAN","NAN",0
"2018-03-10 23:00:00",1910,21.94,22.04,21.8,97.8,98.1,97.4,0.711,242.1,49.6,2.26,0.05,0,994.2307,"NAN","NAN","NAN",0
"2018-03-11 00:00:00",1911,21.63,22.03,21.18,97.8,98.1,97.2,0.749,205.7,29.16,1.48,0.03,0,994.6476,"NAN","NAN","NAN",0
"2018-03-11 01:00:00",1912,21.3,21.46,21.13,97.2,97.5,96.9,0.702,193.6,22.54,1.51,0.22,0,994.4235,"NAN","NAN","NAN",0
"2018-03-11 02:00:00",1913,21.23,21.65,20.89,96.2,97.5,91.8,1.095,162.5,30.05,3.48,0.08,0,993.5665,"NAN","NAN","NAN",0
"2018-03-11 03:00:00",1914,21.73,22.03,21.32,90.2,92,89.1,1.201,157.1,29.42,2.86,0.26,0,992.9969,"NAN","NAN","NAN",0
"2018-03-11 04:00:00",1915,21.49,21.75,21.23,93.4,94.7,89.9,0.723,181.5,35.6,2.11,0.02,0,992.9252,"NAN","NAN","NAN",0
"2018-03-11 05:00:00",1916,21.76,22.03,21.51,93.5,95.2,90.7,0.87,185.3,31.3,2.75,0.14,0,992.8245,"NAN","NAN","NAN",0
"2018-03-11 06:00:00",1917,21.51,21.84,20.99,95,95.5,94.2,0.553,230,58.12,1.38,0.03,0,993.2619,"NAN","NAN","NAN",0
"2018-03-11 07:00:00",1918,20.96,21.37,20.56,95.1,96,93.8,0.92,226,24.73,1.98,0.03,0,994.4609,"NAN","NAN","NAN",0
"2018-03-11 08:00:00",1919,21.26,22.23,20.61,93.6,94.7,91.7,0.512,185.5,64.18,1.3,0.04,0,995.2949,"NAN","NAN","NAN",0
"2018-03-11 09:00:00",1920,23.66,25.46,22.03,88.4,92.3,78.65,0.805,29.69,36.33,2.21,0.08,0,995.8626,"NAN","NAN","NAN",0
"2018-03-11 10:00:00",1921,26.24,27.15,25.4,77.46,82.6,72.67,0.927,57.93,55.98,2.49,0.05,0,995.8974,"NAN","NAN","NAN",0
"2018-03-11 11:00:00",1922,27,27.53,26.39,77.78,80.3,74.74,1.469,10.06,42.12,4.29,0.01,0,995.9328,"NAN","NAN","NAN",0
"2018-03-11 12:00:00",1923,27.18,27.72,26.49,79.12,82.8,74.87,1.438,30.68,47.76,4.49,0.02,0,995.1032,"NAN","NAN","NAN",0
"2018-03-11 13:00:00",1924,27.38,28.2,26.2,79.76,84.3,75.89,1.458,354.3,42.26,3.66,0.06,0,993.9723,"NAN","NAN","NAN",0
"2018-03-11 14:00:00",1925,27.94,28.39,27.34,77.62,80.2,74.91,1.295,37.84,49.67,3.07,0.08,0,993.0417,"NAN","NAN","NAN",0
"2018-03-11 15:00:00",1926,28.14,28.58,27.67,76.37,79.12,72.8,1.342,47.35,40.95,3.37,0.07,0,992.3919,"NAN","NAN","NAN",0
"2018-03-11 16:00:00",1927,27.01,28.58,26.15,79.46,84.7,73.96,1.244,20.58,39.49,2.92,0.12,0,992.0203,"NAN","NAN","NAN",0
"2018-03-11 17:00:00",1928,26.01,26.58,25.2,85.7,89.3,83,0.959,91,45.11,2.57,0.05,0,992.1764,"NAN","NAN","NAN",0
"2018-03-11 18:00:00",1929,24.89,25.34,24.58,91.2,92.7,89.2,1.315,120.8,26.19,2.75,0.06,0,992.3541,"NAN","NAN","NAN",0
"2018-03-11 19:00:00",1930,24.42,24.87,23.68,94,95.9,92.3,0.666,130.7,40.74,1.73,0.02,0,992.7714,"NAN","NAN","NAN",0
"2018-03-11 20:00:00",1931,23.6,23.83,23.4,96.1,96.7,95.6,0.446,204.9,38.99,1.02,0.02,0,993.7272,"NAN","NAN","NAN",0
"2018-03-11 21:00:00",1932,23.36,23.74,22.55,96.2,96.7,95.5,0.593,214.3,29.07,1.3,0.17,0,994.9788,"NAN","NAN","NAN",0
"2018-03-11 22:00:00",1933,22.19,22.7,21.84,95.2,96,94.6,0.696,200.8,22.64,1.33,0.15,0,996.1825,"NAN","NAN","NAN",0
"2018-04-15 20:00:00",2759,-68.33,-61.36,-79.57,8.33,12.74,0.306,1.695,245.4,17.1,3.22,0.56,0,1008.255,"NAN","NAN","NAN",0
"2018-04-15 21:00:00",2760,-66.34,-61.26,-79.57,9.8,12.7,0.306,1.696,240.2,16.77,3.17,0.29,0,1009.156,"NAN","NAN","NAN",0
"2018-04-15 22:00:00",2761,-73.77,-61.26,-79.57,4.307,12.67,0.306,1.788,235.7,10.44,3.06,0.69,0,1009.714,"NAN","NAN","NAN",0
"2018-04-15 23:00:00",2762,-71.44,-61.26,-79.57,6.046,12.7,0.306,1.891,232,8.69,3.18,0.84,0,1009.874,"NAN","NAN","NAN",0
"2018-04-16 00:00:00",2763,-64.68,-61.26,-77.91,10.95,12.7,0.306,1.893,234.5,8.02,2.96,0.95,0,1009.534,"NAN","NAN","NAN",0
"2018-04-16 01:00:00",2764,-64.33,-61.55,-79.57,11.26,12.67,0.34,1.708,235.6,7.944,3.16,0.72,0,1008.962,"NAN","NAN","NAN",0
"2018-04-16 02:00:00",2765,-67.36,-61.26,-79.57,8.94,12.67,0.306,1.563,235.1,6.478,2.5,0.95,0,1008.136,"NAN","NAN","NAN",0
"2018-04-16 03:00:00",2766,-66.92,-61.5,-79.57,9.18,12.67,0.306,1.871,233.6,7.073,2.81,0.85,0,1007.435,"NAN","NAN","NAN",0
"2018-04-16 04:00:00",2767,-67.49,-61.26,-79.57,8.72,12.67,0.306,1.778,231.6,7.096,2.8,0.97,0,1007.044,"NAN","NAN","NAN",0
"2018-04-16 05:00:00",2768,-65.03,-63.64,-65.54,10.81,11.75,10.5,1.468,229.4,8.48,2.4,0.6,0,1007.083,"NAN","NAN","NAN",0
"2018-04-16 06:00:00",2769,-65.19,-64.88,-65.59,10.7,10.9,10.39,1.556,233,7.967,2.63,0.76,0,1007.308,"NAN","NAN","NAN",0
"2018-04-16 07:00:00",2770,-64.9,-64.69,-65.12,10.9,11.07,10.73,1.404,236.2,7.181,1.95,0.65,0,1007.747,"NAN","NAN","NAN",0
"2018-04-16 08:00:00",2771,-65.84,-62.69,-68.11,10.23,12.53,8.66,1.098,241.9,20.72,2.14,0.11,0,1008.219,"NAN","NAN","NAN",0
"2018-04-16 09:00:00",2772,-65.74,-59.93,-70.58,10.32,14.67,6.861,0.754,62.85,83.4,2.17,0.06,0,1008.687,"NAN","NAN","NAN",0
"2018-04-16 10:00:00",2773,-66.94,-59.6,-70.92,9.43,14.98,6.555,1.338,39.31,51.16,3.98,0.07,0,1008.901,"NAN","NAN","NAN",0
"2018-04-16 11:00:00",2774,-69.71,-65.12,-72.82,7.432,10.73,5.127,1.494,17.47,50,4.23,0.02,0,1008.943,"NAN","NAN","NAN",0
"2018-04-16 12:00:00",2775,-70.48,-68.31,-72.2,6.881,8.49,5.603,1.652,22.16,66.44,5,0.04,0,1008.406,"NAN","NAN","NAN",0
"2018-04-16 13:00:00",2776,-67.23,-63.5,-72.2,9.24,11.92,5.671,1.599,32.99,66.52,5.48,0.08,0,1007.79,"NAN","NAN","NAN",0
"2018-04-16 14:00:00",2777,-66.95,-59.08,-72.06,9.44,14.84,5.739,1.586,35.73,54.92,4.29,0.13,0,1006.966,"NAN","NAN","NAN",0
"2018-04-16 15:00:00",2778,-69.84,-65.64,-74.77,7.331,10.36,3.701,1.629,40.77,56.38,5.07,0.01,0,1006.355,"NAN","NAN","NAN",0
"2018-04-16 16:00:00",2779,-66.61,-59.94,-73.39,9.67,14.5,4.72,1.351,41.07,54.36,4.8,0.1,0,1005.619,"NAN","NAN","NAN",0
"2018-04-16 17:00:00",2780,-65.97,-64.88,-67.5,10.15,10.9,9.07,0.966,82.3,54.69,4.61,0.1,0,1005.283,"NAN","NAN","NAN",0
"2018-04-16 18:00:00",2781,-66.49,-62.65,-79.57,9.71,12.46,0.306,0.625,90.5,97.8,2.93,0.03,0,1005.306,"NAN","NAN","NAN",0
"2018-04-16 19:00:00",2782,-65.08,-64.55,-65.5,10.78,11.17,10.49,0.479,195.3,49.41,1.25,0.01,0,1005.705,"NAN","NAN","NAN",0
"2018-04-16 20:00:00",2783,-65.02,-64.59,-65.4,10.82,11.11,10.53,0.633,201.9,35.5,1.98,0.12,0,1006.23,"NAN","NAN","NAN",0
"2018-04-16 21:00:00",2784,-65.24,-64.74,-66.35,10.67,11.04,9.85,0.756,207.1,25.98,1.52,0.19,0,1006.841,"NAN","NAN","NAN",0
"2018-04-16 22:00:00",2785,-65.92,-65.4,-66.54,10.19,10.56,9.75,0.893,201.7,22.19,1.61,0.31,0,1007.024,"NAN","NAN","NAN",0
"2018-04-16 23:00:00",2786,-65.55,-65.02,-66.07,10.45,10.84,10.09,1.065,211.7,13.74,1.66,0.45,0,1007.17,"NAN","NAN","NAN",0
"2018-04-17 00:00:00",2787,-65.41,-65.02,-65.83,10.55,10.84,10.26,1.064,211.3,11.38,1.57,0.49,0,1006.728,"NAN","NAN","NAN",0
"2018-04-17 01:00:00",2788,-65.74,-65.4,-66.16,10.31,10.53,10.02,0.989,200.7,21.06,2,0.31,0,1005.781,"NAN","NAN","NAN",0
"2018-04-17 02:00:00",2789,-65.64,-65.45,-65.83,10.38,10.53,10.22,1.1,215.5,10.78,1.79,0.43,0,1004.982,"NAN","NAN","NAN",0
"2018-04-17 03:00:00",2790,-65.41,-65.07,-65.69,10.54,10.77,10.36,1.1,221.6,11.51,1.96,0.48,0,1004.156,"NAN","NAN","NAN",0
"2018-04-17 04:00:00",2791,-65.19,-65.02,-65.35,10.7,10.8,10.56,1.169,226.2,10.22,1.8,0.42,0,1003.682,"NAN","NAN","NAN",0
"2018-04-17 05:00:00",2792,-65.34,-65.21,-65.54,10.6,10.73,10.46,1.065,223,12.76,1.93,0.38,0,1003.54,"NAN","NAN","NAN",0
"2018-04-17 06:00:00",2793,-65.17,-64.97,-65.45,10.72,10.87,10.53,1.099,223,12.61,1.66,0.41,0,1003.68,"NAN","NAN","NAN",0
"2018-04-17 07:00:00",2794,-65.59,-65.21,-66.35,10.42,10.7,9.88,0.819,226.8,26.42,1.7,0.08,0,1004.083,"NAN","NAN","NAN",0
"2018-04-17 08:00:00",2795,-66.65,-60.12,-71.82,9.65,14.3,5.978,0.397,175.9,74.32,2.1,0.02,0,1004.512,"NAN","NAN","NAN",0
"2018-04-17 09:00:00",2796,-67.88,-60.08,-74.29,8.78,14.47,4.144,0.948,92,46.6,3.05,0.04,0,1004.693,"NAN","NAN","NAN",0
"2018-04-17 10:00:00",2797,-70.2,-59.6,-80,7.054,14.84,0,1.23,70.86,48.3,4.05,0.07,0,1004.641,"NAN","NAN","NAN",0
"2018-04-17 11:00:00",2798,-71.02,-62.98,-80,6.468,12.26,0,1.56,54.65,43.37,5.01,0.07,0,1003.934,"NAN","NAN","NAN",0
"2018-04-17 12:00:00",2799,-69.27,-62.74,-74.91,7.756,12.5,3.565,1.535,61.77,43.47,3.98,0.05,0,1003.013,"NAN","NAN","NAN",0
"2018-04-17 13:00:00",2800,-67.78,-61.37,-72.73,8.85,13.48,5.263,1.968,40.12,41.23,4.98,0.04,0,1002.044,"NAN","NAN","NAN",0
"2018-04-17 14:00:00",2801,-67.55,-63.08,-72.39,9.01,12.26,5.467,1.947,41.51,43.43,5.36,0.09,0,1000.854,"NAN","NAN","NAN",0
"2018-04-17 15:00:00",2802,-66.82,-62.17,-69.83,9.53,12.8,7.334,2.314,26.39,38.39,6.33,0.18,0,999.6328,"NAN","NAN","NAN",0
"2018-04-17 16:00:00",2803,-64.67,-59.13,-70.02,11.07,15.04,7.165,1.969,42.8,46.83,5.51,0.1,0,998.6873,"NAN","NAN","NAN",0
"2018-04-17 17:00:00",2804,-65.43,-63.88,-66.4,10.53,11.65,9.81,1.862,36.38,51.06,5.9,0.01,0,998.1673,"NAN","NAN","NAN",0
"2018-04-17 18:00:00",2805,-69.92,-60.98,-79.57,7.083,12.9,0.306,0.81,341.5,82,3.4,0.05,0,998.3542,"NAN","NAN","NAN",0
"2018-04-17 19:00:00",2806,-64.92,-63.03,-65.4,10.9,12.23,10.56,0.617,223.8,43.37,1.57,0.02,0,998.6641,"NAN","NAN","NAN",0
"2018-04-17 20:00:00",2807,-65.05,-64.74,-65.5,10.81,11.07,10.49,0.534,206.1,35.65,1.31,0.02,0,999.1241,"NAN","NAN","NAN",0
"2018-04-17 21:00:00",2808,-64.89,-64.5,-65.31,10.92,11.17,10.63,0.565,190.8,31.11,1.25,0.02,0,999.8524,"NAN","NAN","NAN",0
"2018-04-17 22:00:00",2809,-65.24,-64.55,-65.97,10.67,11.17,10.12,0.819,191,26.7,2.1,0.14,0,1000.308,"NAN","NAN","NAN",0
"2018-04-17 23:00:00",2810,-65.17,-64.64,-65.5,10.72,11.07,10.46,0.956,184.2,26.35,2.48,0.15,0,1000.525,"NAN","NAN","NAN",0
"2018-04-18 00:00:00",2811,-65.17,-64.93,-65.4,10.72,10.9,10.56,1.018,183.5,28.97,2.89,0.06,0,1000.272,"NAN","NAN","NAN",0
"2018-04-18 01:00:00",2812,-65.04,-64.88,-65.26,10.81,10.97,10.67,1.198,162.3,32.11,3.29,0.08,0,999.6721,"NAN","NAN","NAN",0
"2018-04-18 02:00:00",2813,-65.17,-64.88,-65.35,10.73,10.9,10.63,0.863,173.6,32.72,2.75,0.05,0,998.8384,"NAN","NAN","NAN",0
"2018-04-18 03:00:00",2814,-65.08,-64.74,-65.45,10.78,11.04,10.5,1.008,170.1,34.01,2.99,0.12,0,998.2607,"NAN","NAN","NAN",0
"2018-04-18 04:00:00",2815,-65.17,-64.83,-65.4,10.73,10.97,10.53,1.188,151,30.79,2.66,0.08,0,997.5842,"NAN","NAN","NAN",0
"2018-04-18 05:00:00",2816,-65.53,-65.16,-66.49,10.47,10.73,9.78,1.283,185.8,45.56,3.28,0.07,0,997.7327,"NAN","NAN","NAN",0
"2018-04-18 06:00:00",2817,-65.87,-65.35,-66.49,10.22,10.6,9.75,1.064,197.6,32.6,3.6,0.1,0,998.0752,"NAN","NAN","NAN",0
"2018-04-18 07:00:00",2818,-65.65,-65.26,-66.35,10.37,10.63,9.85,0.716,196.9,35.44,1.86,0,0,998.3419,"NAN","NAN","NAN",0
"2018-04-18 08:00:00",2819,-66.1,-65.64,-67.3,10.05,10.39,9.17,0.77,104.6,60.4,2.42,0.04,0,998.5178,"NAN","NAN","NAN",0
"2018-04-18 09:00:00",2820,-68.37,-62.17,-73.3,8.41,13.01,4.789,0.761,51.92,52.4,2.75,0.03,0,998.7415,"NAN","NAN","NAN",0
"2018-04-18 10:00:00",2821,-69.48,-62.27,-75.91,7.597,12.74,2.852,1.153,48.37,47.35,3.37,0.1,0,998.7991,"NAN","NAN","NAN",0
"2018-04-18 11:00:00",2822,-69.71,-65.12,-74.72,7.435,10.73,3.701,1.252,58.87,56.24,4.26,0.03,0,998.6367,"NAN","NAN","NAN",0
"2018-04-18 12:00:00",2823,-66.55,-59.94,-71.35,9.72,14.47,6.316,1.53,42.59,55.58,5.24,0.16,0,998.0679,"NAN","NAN","NAN",0
"2018-04-18 13:00:00",2824,-65.59,-63.31,-79.1,10.4,11.99,0.34,1.384,23.69,59.79,4.04,0.08,0,997.3409,"NAN","NAN","NAN",0
"2018-04-18 14:00:00",2825,-65.67,-59.46,-67.54,10.36,14.84,8.96,1.19,55.58,52.82,3.25,0.08,0,996.7693,"NAN","NAN","NAN",0
